Time in s	CH I in Volt	CH II in Volt	
0,E+0	8,72E-01	9,00E-01	
5,E-3	8,76E-01	9,40E-01	
1,E-2	8,84E-01	9,40E-01	
1,5E-2	8,84E-01	9,20E-01	
2,E-2	8,80E-01	9,40E-01	
2,5E-2	8,80E-01	9,40E-01	
3,E-2	8,80E-01	9,40E-01	
3,5E-2	8,72E-01	9,60E-01	
4,E-2	8,76E-01	9,40E-01	
4,5E-2	8,72E-01	8,80E-01	
5,E-2	8,68E-01	9,20E-01	
5,5E-2	8,72E-01	8,80E-01	
6,E-2	8,76E-01	9,40E-01	
6,5E-2	8,76E-01	8,80E-01	
7,E-2	8,80E-01	8,80E-01	
7,5E-2	8,76E-01	9,40E-01	
8,E-2	8,84E-01	8,80E-01	
8,5E-2	8,80E-01	9,20E-01	
9,E-2	8,76E-01	9,20E-01	
9,5E-2	8,76E-01	9,40E-01	
1,E-1	8,76E-01	9,20E-01	
1,05E-1	8,76E-01	8,80E-01	
1,1E-1	8,80E-01	8,80E-01	
1,15E-1	8,80E-01	8,80E-01	
1,2E-1	8,76E-01	9,00E-01	
1,25E-1	8,76E-01	8,60E-01	
1,3E-1	8,76E-01	8,80E-01	
1,35E-1	8,80E-01	8,60E-01	
1,4E-1	8,76E-01	8,80E-01	
1,45E-1	8,76E-01	9,20E-01	
1,5E-1	8,80E-01	9,20E-01	
1,55E-1	8,76E-01	8,60E-01	
1,6E-1	8,80E-01	9,00E-01	
1,65E-1	8,84E-01	9,00E-01	
1,7E-1	8,84E-01	9,20E-01	
1,75E-1	8,72E-01	9,00E-01	
1,8E-1	8,72E-01	8,60E-01	
1,85E-1	8,76E-01	8,80E-01	
1,9E-1	8,80E-01	9,00E-01	
1,95E-1	8,76E-01	9,20E-01	
2,E-1	8,80E-01	8,80E-01	
2,05E-1	8,80E-01	8,60E-01	
2,1E-1	8,76E-01	8,80E-01	
2,15E-1	8,76E-01	8,80E-01	
2,2E-1	8,80E-01	9,00E-01	
2,25E-1	8,76E-01	8,40E-01	
2,3E-1	8,80E-01	9,00E-01	
2,35E-1	8,80E-01	8,80E-01	
2,4E-1	8,80E-01	8,60E-01	
2,45E-1	8,76E-01	9,00E-01	
2,5E-1	8,76E-01	8,80E-01	
2,55E-1	8,76E-01	9,00E-01	
2,6E-1	8,72E-01	8,40E-01	
2,65E-1	8,76E-01	8,80E-01	
2,7E-1	8,76E-01	8,80E-01	
2,75E-1	8,76E-01	8,60E-01	
2,8E-1	8,80E-01	8,80E-01	
2,85E-1	8,84E-01	8,40E-01	
2,9E-1	8,80E-01	8,40E-01	
2,95E-1	8,76E-01	8,80E-01	
3,E-1	8,72E-01	8,80E-01	
3,05E-1	8,76E-01	8,20E-01	
3,1E-1	8,76E-01	8,40E-01	
3,15E-1	8,76E-01	8,80E-01	
3,2E-1	8,76E-01	8,40E-01	
3,25E-1	8,80E-01	8,60E-01	
3,3E-1	8,76E-01	8,40E-01	
3,35E-1	8,76E-01	8,80E-01	
3,4E-1	8,76E-01	8,60E-01	
3,45E-1	8,72E-01	8,20E-01	
3,5E-1	8,72E-01	8,80E-01	
3,55E-1	8,80E-01	8,60E-01	
3,6E-1	8,76E-01	8,40E-01	
3,65E-1	8,80E-01	8,60E-01	
3,7E-1	8,76E-01	8,60E-01	
3,75E-1	8,76E-01	8,80E-01	
3,8E-1	8,72E-01	8,60E-01	
3,85E-1	8,76E-01	8,20E-01	
3,9E-1	8,72E-01	8,20E-01	
3,95E-1	8,68E-01	8,40E-01	
4,E-1	8,76E-01	8,80E-01	
4,05E-1	8,76E-01	8,20E-01	
4,1E-1	8,80E-01	8,20E-01	
4,15E-1	8,84E-01	8,00E-01	
4,2E-1	8,84E-01	8,20E-01	
4,25E-1	8,72E-01	8,00E-01	
4,3E-1	8,76E-01	8,00E-01	
4,35E-1	8,76E-01	8,40E-01	
4,4E-1	8,72E-01	8,00E-01	
4,45E-1	8,72E-01	8,00E-01	
4,5E-1	8,76E-01	8,20E-01	
4,55E-1	8,84E-01	8,60E-01	
4,6E-1	8,80E-01	8,20E-01	
4,65E-1	8,76E-01	8,40E-01	
4,7E-1	8,80E-01	8,40E-01	
4,75E-1	8,72E-01	8,60E-01	
4,8E-1	8,76E-01	8,20E-01	
4,85E-1	8,76E-01	8,00E-01	
4,9E-1	8,76E-01	8,20E-01	
4,95E-1	8,72E-01	8,00E-01	
5,E-1	8,80E-01	8,00E-01	
5,05E-1	8,80E-01	8,00E-01	
5,1E-1	8,76E-01	8,00E-01	
5,15E-1	8,84E-01	7,80E-01	
5,2E-1	8,80E-01	7,80E-01	
5,25E-1	8,80E-01	8,40E-01	
5,3E-1	8,84E-01	8,00E-01	
5,35E-1	8,80E-01	8,20E-01	
5,4E-1	8,76E-01	8,00E-01	
5,45E-1	8,72E-01	7,80E-01	
5,5E-1	8,80E-01	8,00E-01	
5,55E-1	8,76E-01	8,40E-01	
5,6E-1	8,76E-01	7,80E-01	
5,65E-1	8,76E-01	7,80E-01	
5,7E-1	8,84E-01	7,80E-01	
5,75E-1	8,76E-01	8,40E-01	
5,8E-1	8,76E-01	8,20E-01	
5,85E-1	8,76E-01	7,80E-01	
5,9E-1	8,72E-01	8,20E-01	
5,95E-1	8,72E-01	8,00E-01	
6,E-1	8,80E-01	8,20E-01	
6,05E-1	8,72E-01	8,00E-01	
6,1E-1	8,72E-01	7,80E-01	
6,15E-1	8,76E-01	8,40E-01	
6,2E-1	8,76E-01	8,20E-01	
6,25E-1	8,76E-01	7,80E-01	
6,3E-1	8,76E-01	7,60E-01	
6,35E-1	8,76E-01	7,60E-01	
6,4E-1	8,76E-01	7,60E-01	
6,45E-1	8,80E-01	8,00E-01	
6,5E-1	8,72E-01	7,80E-01	
6,55E-1	8,72E-01	7,80E-01	
6,6E-1	8,76E-01	7,80E-01	
6,65E-1	8,76E-01	8,00E-01	
6,7E-1	8,80E-01	8,00E-01	
6,75E-1	8,76E-01	8,20E-01	
6,8E-1	8,76E-01	7,60E-01	
6,85E-1	8,72E-01	7,40E-01	
6,9E-1	8,72E-01	8,00E-01	
6,95E-1	8,76E-01	7,60E-01	
7,E-1	8,76E-01	7,60E-01	
7,05E-1	8,76E-01	7,80E-01	
7,1E-1	8,80E-01	8,00E-01	
7,15E-1	8,72E-01	7,40E-01	
7,2E-1	8,76E-01	7,40E-01	
7,25E-1	8,76E-01	8,00E-01	
7,3E-1	8,80E-01	7,80E-01	
7,35E-1	8,72E-01	8,00E-01	
7,4E-1	8,80E-01	7,40E-01	
7,45E-1	8,76E-01	7,80E-01	
7,5E-1	8,80E-01	7,80E-01	
7,55E-1	8,84E-01	7,40E-01	
7,6E-1	8,80E-01	7,40E-01	
7,65E-1	8,80E-01	7,60E-01	
7,7E-1	8,72E-01	7,80E-01	
7,75E-1	8,80E-01	7,40E-01	
7,8E-1	8,80E-01	7,20E-01	
7,85E-1	8,80E-01	7,40E-01	
7,9E-1	8,84E-01	7,40E-01	
7,95E-1	8,80E-01	7,80E-01	
8,E-1	8,72E-01	7,20E-01	
8,05E-1	8,72E-01	8,00E-01	
8,1E-1	8,76E-01	7,40E-01	
8,15E-1	8,68E-01	7,40E-01	
8,2E-1	8,72E-01	7,20E-01	
8,25E-1	8,80E-01	7,20E-01	
8,3E-1	8,76E-01	7,40E-01	
8,35E-1	8,76E-01	7,20E-01	
8,4E-1	8,76E-01	7,60E-01	
8,45E-1	8,68E-01	7,60E-01	
8,5E-1	8,68E-01	7,80E-01	
8,55E-1	8,72E-01	7,20E-01	
8,6E-1	8,76E-01	7,60E-01	
8,65E-1	8,72E-01	7,60E-01	
8,7E-1	8,76E-01	7,20E-01	
8,75E-1	8,76E-01	7,40E-01	
8,8E-1	8,88E-01	7,60E-01	
8,85E-1	8,84E-01	7,60E-01	
8,9E-1	8,72E-01	7,00E-01	
8,95E-1	8,76E-01	7,60E-01	
9,E-1	8,80E-01	7,60E-01	
9,05E-1	8,80E-01	7,40E-01	
9,1E-1	8,76E-01	7,20E-01	
9,15E-1	8,80E-01	7,60E-01	
9,2E-1	8,80E-01	7,00E-01	
9,25E-1	8,80E-01	7,60E-01	
9,3E-1	8,72E-01	7,20E-01	
9,35E-1	8,72E-01	7,00E-01	
9,4E-1	8,72E-01	7,00E-01	
9,45E-1	8,76E-01	7,60E-01	
9,5E-1	8,72E-01	7,60E-01	
9,55E-1	8,72E-01	7,20E-01	
9,6E-1	8,72E-01	6,80E-01	
9,65E-1	8,72E-01	6,80E-01	
9,7E-1	8,80E-01	7,60E-01	
9,75E-1	8,68E-01	6,80E-01	
9,8E-1	8,76E-01	7,00E-01	
9,85E-1	8,76E-01	7,20E-01	
9,9E-1	8,80E-01	7,00E-01	
9,95E-1	8,80E-01	7,20E-01	
1,E+0	8,84E-01	7,00E-01	
1,005E+0	8,80E-01	7,00E-01	
1,01E+0	8,76E-01	7,00E-01	
1,015E+0	8,76E-01	7,00E-01	
1,02E+0	8,76E-01	6,80E-01	
1,025E+0	8,72E-01	7,40E-01	
1,03E+0	8,68E-01	7,00E-01	
1,035E+0	8,68E-01	6,80E-01	
1,04E+0	8,72E-01	7,20E-01	
1,045E+0	8,72E-01	7,40E-01	
1,05E+0	8,68E-01	7,20E-01	
1,055E+0	8,68E-01	6,80E-01	
1,06E+0	8,72E-01	6,80E-01	
1,065E+0	8,76E-01	7,20E-01	
1,07E+0	8,80E-01	7,20E-01	
1,075E+0	8,72E-01	6,80E-01	
1,08E+0	8,68E-01	7,00E-01	
1,085E+0	8,68E-01	7,20E-01	
1,09E+0	8,76E-01	7,20E-01	
1,095E+0	8,72E-01	6,60E-01	
1,1E+0	8,68E-01	6,80E-01	
1,105E+0	8,72E-01	6,60E-01	
1,11E+0	8,68E-01	6,60E-01	
1,115E+0	8,68E-01	7,20E-01	
1,12E+0	8,72E-01	6,80E-01	
1,125E+0	8,72E-01	7,20E-01	
1,13E+0	8,68E-01	6,80E-01	
1,135E+0	8,76E-01	6,60E-01	
1,14E+0	8,72E-01	6,60E-01	
1,145E+0	8,72E-01	6,80E-01	
1,15E+0	8,76E-01	6,60E-01	
1,155E+0	8,84E-01	6,40E-01	
1,16E+0	8,76E-01	7,00E-01	
1,165E+0	8,76E-01	7,00E-01	
1,17E+0	8,76E-01	6,40E-01	
1,175E+0	8,80E-01	6,40E-01	
1,18E+0	8,72E-01	6,80E-01	
1,185E+0	8,72E-01	6,60E-01	
1,19E+0	8,72E-01	6,40E-01	
1,195E+0	8,68E-01	7,20E-01	
1,2E+0	8,64E-01	6,40E-01	
1,205E+0	8,72E-01	6,40E-01	
1,21E+0	8,72E-01	7,00E-01	
1,215E+0	8,80E-01	6,40E-01	
1,22E+0	8,84E-01	7,00E-01	
1,225E+0	8,80E-01	7,00E-01	
1,23E+0	8,72E-01	6,60E-01	
1,235E+0	8,68E-01	6,40E-01	
1,24E+0	8,68E-01	7,00E-01	
1,245E+0	8,72E-01	6,80E-01	
1,25E+0	8,68E-01	6,40E-01	
1,255E+0	8,68E-01	6,40E-01	
1,26E+0	8,68E-01	6,80E-01	
1,265E+0	8,76E-01	6,60E-01	
1,27E+0	8,76E-01	6,80E-01	
1,275E+0	8,72E-01	6,40E-01	
1,28E+0	8,80E-01	6,80E-01	
1,285E+0	8,80E-01	6,20E-01	
1,29E+0	8,80E-01	6,20E-01	
1,295E+0	8,76E-01	6,40E-01	
1,3E+0	8,80E-01	6,80E-01	
1,305E+0	8,72E-01	6,80E-01	
1,31E+0	8,76E-01	6,20E-01	
1,315E+0	8,64E-01	6,40E-01	
1,32E+0	8,72E-01	6,80E-01	
1,325E+0	8,68E-01	6,60E-01	
1,33E+0	8,76E-01	6,60E-01	
1,335E+0	8,80E-01	6,40E-01	
1,34E+0	8,76E-01	6,40E-01	
1,345E+0	8,76E-01	6,00E-01	
1,35E+0	8,72E-01	6,80E-01	
1,355E+0	8,68E-01	6,60E-01	
1,36E+0	8,76E-01	6,60E-01	
1,365E+0	8,76E-01	6,00E-01	
1,37E+0	8,68E-01	6,00E-01	
1,375E+0	8,68E-01	6,60E-01	
1,38E+0	8,68E-01	6,40E-01	
1,385E+0	8,76E-01	6,60E-01	
1,39E+0	8,72E-01	6,20E-01	
1,395E+0	8,76E-01	6,00E-01	
1,4E+0	8,68E-01	6,00E-01	
1,405E+0	8,72E-01	6,80E-01	
1,41E+0	8,76E-01	6,60E-01	
1,415E+0	8,76E-01	6,00E-01	
1,42E+0	8,76E-01	6,00E-01	
1,425E+0	8,80E-01	6,40E-01	
1,43E+0	8,76E-01	6,00E-01	
1,435E+0	8,76E-01	6,60E-01	
1,44E+0	8,76E-01	6,60E-01	
1,445E+0	8,72E-01	5,80E-01	
1,45E+0	8,68E-01	6,00E-01	
1,455E+0	8,68E-01	6,00E-01	
1,46E+0	8,72E-01	6,60E-01	
1,465E+0	8,72E-01	6,40E-01	
1,47E+0	8,76E-01	6,40E-01	
1,475E+0	8,80E-01	6,40E-01	
1,48E+0	8,72E-01	6,20E-01	
1,485E+0	8,68E-01	5,80E-01	
1,49E+0	8,68E-01	6,00E-01	
1,495E+0	8,68E-01	6,40E-01	
1,5E+0	8,72E-01	6,40E-01	
1,505E+0	8,76E-01	6,20E-01	
1,51E+0	8,68E-01	6,20E-01	
1,515E+0	8,68E-01	5,80E-01	
1,52E+0	8,68E-01	6,20E-01	
1,525E+0	8,68E-01	6,40E-01	
1,53E+0	8,68E-01	5,60E-01	
1,535E+0	8,68E-01	5,80E-01	
1,54E+0	8,64E-01	5,80E-01	
1,545E+0	8,68E-01	5,80E-01	
1,55E+0	8,68E-01	6,00E-01	
1,555E+0	8,76E-01	5,60E-01	
1,56E+0	8,68E-01	6,00E-01	
1,565E+0	8,68E-01	6,20E-01	
1,57E+0	8,68E-01	6,20E-01	
1,575E+0	8,72E-01	6,20E-01	
1,58E+0	8,72E-01	6,20E-01	
1,585E+0	8,76E-01	5,80E-01	
1,59E+0	8,68E-01	6,20E-01	
1,595E+0	8,76E-01	5,80E-01	
1,6E+0	8,72E-01	6,00E-01	
1,605E+0	8,76E-01	5,40E-01	
1,61E+0	8,72E-01	5,60E-01	
1,615E+0	8,76E-01	5,80E-01	
1,62E+0	8,72E-01	6,00E-01	
1,625E+0	8,68E-01	6,00E-01	
1,63E+0	8,72E-01	5,40E-01	
1,635E+0	8,72E-01	5,60E-01	
1,64E+0	8,72E-01	5,80E-01	
1,645E+0	8,68E-01	6,00E-01	
1,65E+0	8,72E-01	5,60E-01	
1,655E+0	8,68E-01	5,40E-01	
1,66E+0	8,68E-01	5,60E-01	
1,665E+0	8,72E-01	6,00E-01	
1,67E+0	8,68E-01	5,60E-01	
1,675E+0	8,72E-01	5,40E-01	
1,68E+0	8,60E-01	6,00E-01	
1,685E+0	8,72E-01	5,60E-01	
1,69E+0	8,72E-01	5,60E-01	
1,695E+0	8,68E-01	5,40E-01	
1,7E+0	8,68E-01	5,60E-01	
1,705E+0	8,68E-01	6,00E-01	
1,71E+0	8,68E-01	5,80E-01	
1,715E+0	8,72E-01	6,00E-01	
1,72E+0	8,72E-01	5,60E-01	
1,725E+0	8,68E-01	5,40E-01	
1,73E+0	8,68E-01	5,40E-01	
1,735E+0	8,76E-01	5,80E-01	
1,74E+0	8,76E-01	5,80E-01	
1,745E+0	8,76E-01	5,80E-01	
1,75E+0	8,80E-01	5,80E-01	
1,755E+0	8,76E-01	5,80E-01	
1,76E+0	8,72E-01	5,20E-01	
1,765E+0	8,76E-01	5,60E-01	
1,77E+0	8,68E-01	5,80E-01	
1,775E+0	8,72E-01	5,20E-01	
1,78E+0	8,76E-01	5,80E-01	
1,785E+0	8,72E-01	5,80E-01	
1,79E+0	8,68E-01	5,40E-01	
1,795E+0	8,76E-01	5,40E-01	
1,8E+0	8,64E-01	5,60E-01	
1,805E+0	8,68E-01	5,80E-01	
1,81E+0	8,68E-01	5,40E-01	
1,815E+0	8,68E-01	5,60E-01	
1,82E+0	8,68E-01	5,60E-01	
1,825E+0	8,68E-01	5,60E-01	
1,83E+0	8,72E-01	5,20E-01	
1,835E+0	8,68E-01	5,20E-01	
1,84E+0	8,64E-01	5,80E-01	
1,845E+0	8,68E-01	5,20E-01	
1,85E+0	8,76E-01	5,60E-01	
1,855E+0	8,76E-01	5,80E-01	
1,86E+0	8,64E-01	5,20E-01	
1,865E+0	8,72E-01	5,00E-01	
1,87E+0	8,64E-01	5,00E-01	
1,875E+0	8,68E-01	5,40E-01	
1,88E+0	8,68E-01	5,20E-01	
1,885E+0	8,68E-01	5,00E-01	
1,89E+0	8,64E-01	5,20E-01	
1,895E+0	8,68E-01	5,20E-01	
1,9E+0	8,68E-01	5,00E-01	
1,905E+0	8,72E-01	4,80E-01	
1,91E+0	8,68E-01	5,20E-01	
1,915E+0	8,68E-01	5,20E-01	
1,92E+0	8,68E-01	5,20E-01	
1,925E+0	8,68E-01	5,60E-01	
1,93E+0	8,76E-01	4,80E-01	
1,935E+0	8,72E-01	5,20E-01	
1,94E+0	8,76E-01	4,80E-01	
1,945E+0	8,72E-01	4,60E-01	
1,95E+0	8,72E-01	5,00E-01	
1,955E+0	8,76E-01	4,80E-01	
1,96E+0	8,68E-01	5,20E-01	
1,965E+0	8,68E-01	5,40E-01	
1,97E+0	8,72E-01	5,40E-01	
1,975E+0	8,68E-01	4,80E-01	
1,98E+0	8,68E-01	4,80E-01	
1,985E+0	8,76E-01	4,80E-01	
1,99E+0	8,72E-01	4,60E-01	
1,995E+0	8,72E-01	4,80E-01	
2,E+0	8,68E-01	4,80E-01	
2,005E+0	8,72E-01	5,40E-01	
2,01E+0	8,68E-01	5,40E-01	
2,015E+0	8,64E-01	4,80E-01	
2,02E+0	8,68E-01	5,00E-01	
2,025E+0	8,68E-01	4,60E-01	
2,03E+0	8,72E-01	5,40E-01	
2,035E+0	8,68E-01	5,00E-01	
2,04E+0	8,64E-01	4,60E-01	
2,045E+0	8,72E-01	4,80E-01	
2,05E+0	8,72E-01	4,80E-01	
2,055E+0	8,72E-01	5,40E-01	
2,06E+0	8,64E-01	5,20E-01	
2,065E+0	8,72E-01	5,00E-01	
2,07E+0	8,72E-01	4,40E-01	
2,075E+0	8,72E-01	4,60E-01	
2,08E+0	8,64E-01	5,20E-01	
2,085E+0	8,68E-01	5,00E-01	
2,09E+0	8,56E-01	4,40E-01	
2,095E+0	8,60E-01	5,20E-01	
2,1E+0	8,64E-01	4,40E-01	
2,105E+0	8,64E-01	5,00E-01	
2,11E+0	8,76E-01	4,80E-01	
2,115E+0	8,80E-01	5,00E-01	
2,12E+0	8,76E-01	4,40E-01	
2,125E+0	8,72E-01	4,60E-01	
2,13E+0	8,72E-01	5,00E-01	
2,135E+0	8,72E-01	4,40E-01	
2,14E+0	8,72E-01	4,40E-01	
2,145E+0	8,76E-01	4,40E-01	
2,15E+0	8,68E-01	4,60E-01	
2,155E+0	8,72E-01	4,40E-01	
2,16E+0	8,76E-01	4,40E-01	
2,165E+0	8,72E-01	5,00E-01	
2,17E+0	8,68E-01	4,40E-01	
2,175E+0	8,68E-01	5,00E-01	
2,18E+0	8,64E-01	4,40E-01	
2,185E+0	8,64E-01	4,20E-01	
2,19E+0	8,68E-01	4,40E-01	
2,195E+0	8,68E-01	4,20E-01	
2,2E+0	8,68E-01	5,00E-01	
2,205E+0	8,68E-01	4,80E-01	
2,21E+0	8,68E-01	5,00E-01	
2,215E+0	8,68E-01	4,80E-01	
2,22E+0	8,76E-01	4,20E-01	
2,225E+0	8,76E-01	4,40E-01	
2,23E+0	8,68E-01	4,60E-01	
2,235E+0	8,64E-01	4,20E-01	
2,24E+0	8,64E-01	4,80E-01	
2,245E+0	8,60E-01	4,80E-01	
2,25E+0	8,60E-01	4,80E-01	
2,255E+0	8,64E-01	4,80E-01	
2,26E+0	8,60E-01	4,60E-01	
2,265E+0	8,68E-01	4,40E-01	
2,27E+0	8,68E-01	4,00E-01	
2,275E+0	8,68E-01	4,20E-01	
2,28E+0	8,64E-01	4,20E-01	
2,285E+0	8,72E-01	4,40E-01	
2,29E+0	8,72E-01	4,60E-01	
2,295E+0	8,72E-01	4,60E-01	
2,3E+0	8,72E-01	4,00E-01	
2,305E+0	8,68E-01	4,80E-01	
2,31E+0	8,68E-01	4,00E-01	
2,315E+0	8,68E-01	4,20E-01	
2,32E+0	8,68E-01	4,80E-01	
2,325E+0	8,64E-01	4,80E-01	
2,33E+0	8,68E-01	4,00E-01	
2,335E+0	8,64E-01	4,20E-01	
2,34E+0	8,68E-01	4,00E-01	
2,345E+0	8,64E-01	4,80E-01	
2,35E+0	8,64E-01	4,80E-01	
2,355E+0	8,64E-01	4,00E-01	
2,36E+0	8,64E-01	4,60E-01	
2,365E+0	8,64E-01	4,60E-01	
2,37E+0	8,68E-01	4,00E-01	
2,375E+0	8,68E-01	4,20E-01	
2,38E+0	8,72E-01	4,60E-01	
2,385E+0	8,72E-01	4,20E-01	
2,39E+0	8,68E-01	4,00E-01	
2,395E+0	8,64E-01	4,40E-01	
2,4E+0	8,64E-01	4,00E-01	
2,405E+0	8,68E-01	4,00E-01	
2,41E+0	8,64E-01	4,20E-01	
2,415E+0	8,60E-01	4,00E-01	
2,42E+0	8,64E-01	4,60E-01	
2,425E+0	8,68E-01	4,20E-01	
2,43E+0	8,68E-01	4,40E-01	
2,435E+0	8,72E-01	4,40E-01	
2,44E+0	8,68E-01	3,80E-01	
2,445E+0	8,72E-01	3,80E-01	
2,45E+0	8,60E-01	4,20E-01	
2,455E+0	8,68E-01	4,40E-01	
2,46E+0	8,64E-01	4,60E-01	
2,465E+0	8,64E-01	4,40E-01	
2,47E+0	8,60E-01	4,40E-01	
2,475E+0	8,60E-01	4,00E-01	
2,48E+0	8,60E-01	4,20E-01	
2,485E+0	8,64E-01	3,80E-01	
2,49E+0	8,72E-01	4,20E-01	
2,495E+0	8,72E-01	4,20E-01	
2,5E+0	8,64E-01	4,40E-01	
2,505E+0	8,64E-01	4,20E-01	
2,51E+0	8,64E-01	4,00E-01	
2,515E+0	8,64E-01	3,60E-01	
2,52E+0	8,60E-01	3,80E-01	
2,525E+0	8,68E-01	4,00E-01	
2,53E+0	8,64E-01	4,20E-01	
2,535E+0	8,68E-01	4,20E-01	
2,54E+0	8,64E-01	4,00E-01	
2,545E+0	8,60E-01	4,20E-01	
2,55E+0	8,64E-01	3,80E-01	
2,555E+0	8,64E-01	3,80E-01	
2,56E+0	8,64E-01	3,60E-01	
2,565E+0	8,68E-01	4,20E-01	
2,57E+0	8,60E-01	4,20E-01	
2,575E+0	8,68E-01	3,60E-01	
2,58E+0	8,64E-01	4,20E-01	
2,585E+0	8,64E-01	4,20E-01	
2,59E+0	8,72E-01	3,80E-01	
2,595E+0	8,64E-01	3,60E-01	
2,6E+0	8,64E-01	3,80E-01	
2,605E+0	8,68E-01	4,20E-01	
2,61E+0	8,68E-01	3,40E-01	
2,615E+0	8,64E-01	3,80E-01	
2,62E+0	8,64E-01	4,20E-01	
2,625E+0	8,60E-01	4,20E-01	
2,63E+0	8,64E-01	4,00E-01	
2,635E+0	8,68E-01	3,60E-01	
2,64E+0	8,64E-01	4,00E-01	
2,645E+0	8,60E-01	3,40E-01	
2,65E+0	8,64E-01	4,20E-01	
2,655E+0	8,60E-01	3,80E-01	
2,66E+0	8,60E-01	3,80E-01	
2,665E+0	8,60E-01	3,40E-01	
2,67E+0	8,60E-01	3,40E-01	
2,675E+0	8,60E-01	3,40E-01	
2,68E+0	8,68E-01	3,60E-01	
2,685E+0	8,64E-01	3,40E-01	
2,69E+0	8,64E-01	3,60E-01	
2,695E+0	8,64E-01	4,00E-01	
2,7E+0	8,64E-01	4,00E-01	
2,705E+0	8,68E-01	3,40E-01	
2,71E+0	8,64E-01	4,00E-01	
2,715E+0	8,68E-01	3,60E-01	
2,72E+0	8,64E-01	3,80E-01	
2,725E+0	8,60E-01	3,20E-01	
2,73E+0	8,68E-01	3,60E-01	
2,735E+0	8,72E-01	3,80E-01	
2,74E+0	8,68E-01	3,80E-01	
2,745E+0	8,68E-01	3,80E-01	
2,75E+0	8,68E-01	3,80E-01	
2,755E+0	8,64E-01	3,20E-01	
2,76E+0	8,64E-01	3,20E-01	
2,765E+0	8,64E-01	3,20E-01	
2,77E+0	8,68E-01	3,60E-01	
2,775E+0	8,64E-01	3,80E-01	
2,78E+0	8,56E-01	3,20E-01	
2,785E+0	8,60E-01	3,20E-01	
2,79E+0	8,60E-01	3,60E-01	
2,795E+0	8,60E-01	3,20E-01	
2,8E+0	8,60E-01	3,00E-01	
2,805E+0	8,56E-01	3,60E-01	
2,81E+0	8,56E-01	3,00E-01	
2,815E+0	8,56E-01	3,00E-01	
2,82E+0	8,52E-01	3,80E-01	
2,825E+0	8,64E-01	3,60E-01	
2,83E+0	8,64E-01	3,40E-01	
2,835E+0	8,60E-01	3,00E-01	
2,84E+0	8,60E-01	3,60E-01	
2,845E+0	8,68E-01	3,00E-01	
2,85E+0	8,60E-01	3,40E-01	
2,855E+0	8,64E-01	3,60E-01	
2,86E+0	8,56E-01	3,40E-01	
2,865E+0	8,60E-01	2,80E-01	
2,87E+0	8,56E-01	3,40E-01	
2,875E+0	8,60E-01	3,40E-01	
2,88E+0	8,56E-01	3,20E-01	
2,885E+0	8,56E-01	3,00E-01	
2,89E+0	8,60E-01	2,80E-01	
2,895E+0	8,56E-01	3,60E-01	
2,9E+0	8,52E-01	3,40E-01	
2,905E+0	8,60E-01	2,80E-01	
2,91E+0	8,60E-01	3,40E-01	
2,915E+0	8,60E-01	3,60E-01	
2,92E+0	8,60E-01	3,60E-01	
2,925E+0	8,52E-01	2,80E-01	
2,93E+0	8,52E-01	2,60E-01	
2,935E+0	8,56E-01	3,40E-01	
2,94E+0	8,60E-01	2,80E-01	
2,945E+0	8,64E-01	2,80E-01	
2,95E+0	8,64E-01	3,00E-01	
2,955E+0	8,60E-01	3,00E-01	
2,96E+0	8,60E-01	3,00E-01	
2,965E+0	8,56E-01	3,40E-01	
2,97E+0	8,56E-01	3,00E-01	
2,975E+0	8,56E-01	3,40E-01	
2,98E+0	8,52E-01	2,60E-01	
2,985E+0	8,52E-01	2,80E-01	
2,99E+0	8,60E-01	2,80E-01	
2,995E+0	8,56E-01	2,80E-01	
3,E+0	8,64E-01	3,40E-01	
3,005E+0	8,56E-01	2,60E-01	
3,01E+0	8,56E-01	2,80E-01	
3,015E+0	8,56E-01	3,00E-01	
3,02E+0	8,52E-01	3,00E-01	
3,025E+0	8,56E-01	2,60E-01	
3,03E+0	8,56E-01	2,60E-01	
3,035E+0	8,60E-01	3,20E-01	
3,04E+0	8,64E-01	2,60E-01	
3,045E+0	8,60E-01	2,60E-01	
3,05E+0	8,60E-01	2,80E-01	
3,055E+0	8,56E-01	3,20E-01	
3,06E+0	8,52E-01	2,60E-01	
3,065E+0	8,52E-01	2,60E-01	
3,07E+0	8,48E-01	3,00E-01	
3,075E+0	8,52E-01	2,60E-01	
3,08E+0	8,48E-01	3,00E-01	
3,085E+0	8,56E-01	3,00E-01	
3,09E+0	8,44E-01	3,00E-01	
3,095E+0	8,52E-01	2,40E-01	
3,1E+0	8,52E-01	3,00E-01	
3,105E+0	8,52E-01	3,00E-01	
3,11E+0	8,52E-01	3,00E-01	
3,115E+0	8,52E-01	2,40E-01	
3,12E+0	8,52E-01	3,00E-01	
3,125E+0	8,48E-01	3,00E-01	
3,13E+0	8,48E-01	2,80E-01	
3,135E+0	8,52E-01	2,40E-01	
3,14E+0	8,52E-01	3,00E-01	
3,145E+0	8,48E-01	2,80E-01	
3,15E+0	8,52E-01	3,00E-01	
3,155E+0	8,48E-01	2,80E-01	
3,16E+0	8,44E-01	3,20E-01	
3,165E+0	8,48E-01	2,80E-01	
3,17E+0	8,52E-01	2,40E-01	
3,175E+0	8,56E-01	3,00E-01	
3,18E+0	8,52E-01	2,60E-01	
3,185E+0	8,52E-01	2,40E-01	
3,19E+0	8,56E-01	2,40E-01	
3,195E+0	8,48E-01	2,20E-01	
3,2E+0	8,52E-01	2,20E-01	
3,205E+0	8,52E-01	2,60E-01	
3,21E+0	8,48E-01	2,40E-01	
3,215E+0	8,48E-01	2,20E-01	
3,22E+0	8,48E-01	2,60E-01	
3,225E+0	8,52E-01	2,80E-01	
3,23E+0	8,52E-01	2,60E-01	
3,235E+0	8,52E-01	2,40E-01	
3,24E+0	8,56E-01	2,40E-01	
3,245E+0	8,52E-01	2,20E-01	
3,25E+0	8,48E-01	2,20E-01	
3,255E+0	8,52E-01	2,00E-01	
3,26E+0	8,48E-01	2,60E-01	
3,265E+0	8,52E-01	2,60E-01	
3,27E+0	8,48E-01	2,60E-01	
3,275E+0	8,52E-01	2,40E-01	
3,28E+0	8,56E-01	2,60E-01	
3,285E+0	8,52E-01	2,40E-01	
3,29E+0	8,52E-01	2,40E-01	
3,295E+0	8,52E-01	2,40E-01	
3,3E+0	8,48E-01	2,20E-01	
3,305E+0	8,48E-01	2,40E-01	
3,31E+0	8,48E-01	2,60E-01	
3,315E+0	8,44E-01	2,00E-01	
3,32E+0	8,52E-01	2,60E-01	
3,325E+0	8,52E-01	2,00E-01	
3,33E+0	8,52E-01	2,00E-01	
3,335E+0	8,52E-01	2,60E-01	
3,34E+0	8,52E-01	2,20E-01	
3,345E+0	8,48E-01	2,00E-01	
3,35E+0	8,52E-01	2,40E-01	
3,355E+0	8,52E-01	2,00E-01	
3,36E+0	8,52E-01	2,00E-01	
3,365E+0	8,52E-01	2,40E-01	
3,37E+0	8,40E-01	2,00E-01	
3,375E+0	8,44E-01	2,20E-01	
3,38E+0	8,44E-01	2,00E-01	
3,385E+0	8,36E-01	2,40E-01	
3,39E+0	8,40E-01	1,80E-01	
3,395E+0	8,44E-01	1,80E-01	
3,4E+0	8,44E-01	2,20E-01	
3,405E+0	8,44E-01	2,60E-01	
3,41E+0	8,44E-01	2,00E-01	
3,415E+0	8,48E-01	1,80E-01	
3,42E+0	8,48E-01	2,00E-01	
3,425E+0	8,48E-01	2,00E-01	
3,43E+0	8,48E-01	2,20E-01	
3,435E+0	8,44E-01	2,20E-01	
3,44E+0	8,48E-01	2,20E-01	
3,445E+0	8,44E-01	2,20E-01	
3,45E+0	8,48E-01	2,40E-01	
3,455E+0	8,44E-01	2,20E-01	
3,46E+0	8,48E-01	2,00E-01	
3,465E+0	8,40E-01	2,20E-01	
3,47E+0	8,44E-01	1,80E-01	
3,475E+0	8,44E-01	2,00E-01	
3,48E+0	8,44E-01	2,20E-01	
3,485E+0	8,44E-01	1,60E-01	
3,49E+0	8,48E-01	1,60E-01	
3,495E+0	8,44E-01	2,00E-01	
3,5E+0	8,40E-01	2,40E-01	
3,505E+0	8,44E-01	2,20E-01	
3,51E+0	8,44E-01	2,00E-01	
3,515E+0	8,40E-01	2,20E-01	
3,52E+0	8,44E-01	2,20E-01	
3,525E+0	8,44E-01	2,00E-01	
3,53E+0	8,44E-01	1,40E-01	
3,535E+0	8,44E-01	1,80E-01	
3,54E+0	8,48E-01	1,60E-01	
3,545E+0	8,44E-01	2,20E-01	
3,55E+0	8,40E-01	1,40E-01	
3,555E+0	8,36E-01	2,00E-01	
3,56E+0	8,44E-01	2,20E-01	
3,565E+0	8,36E-01	1,60E-01	
3,57E+0	8,28E-01	1,40E-01	
3,575E+0	8,36E-01	2,20E-01	
3,58E+0	8,36E-01	1,80E-01	
3,585E+0	8,36E-01	1,60E-01	
3,59E+0	8,44E-01	1,40E-01	
3,595E+0	8,32E-01	2,00E-01	
3,6E+0	8,36E-01	2,00E-01	
3,605E+0	8,36E-01	1,40E-01	
3,61E+0	8,36E-01	1,80E-01	
3,615E+0	8,32E-01	1,40E-01	
3,62E+0	8,36E-01	1,40E-01	
3,625E+0	8,40E-01	2,00E-01	
3,63E+0	8,40E-01	1,40E-01	
3,635E+0	8,40E-01	1,80E-01	
3,64E+0	8,40E-01	1,80E-01	
3,645E+0	8,36E-01	1,20E-01	
3,65E+0	8,36E-01	1,20E-01	
3,655E+0	8,36E-01	1,20E-01	
3,66E+0	8,36E-01	1,20E-01	
3,665E+0	8,32E-01	1,40E-01	
3,67E+0	8,32E-01	1,20E-01	
3,675E+0	8,36E-01	1,40E-01	
3,68E+0	8,36E-01	1,20E-01	
3,685E+0	8,32E-01	1,40E-01	
3,69E+0	8,32E-01	1,20E-01	
3,695E+0	8,40E-01	1,60E-01	
3,7E+0	8,40E-01	1,20E-01	
3,705E+0	8,32E-01	1,80E-01	
3,71E+0	8,36E-01	1,60E-01	
3,715E+0	8,36E-01	1,00E-01	
3,72E+0	8,32E-01	1,40E-01	
3,725E+0	8,32E-01	1,80E-01	
3,73E+0	8,36E-01	1,40E-01	
3,735E+0	8,36E-01	1,80E-01	
3,74E+0	8,32E-01	1,80E-01	
3,745E+0	8,32E-01	1,80E-01	
3,75E+0	8,24E-01	1,20E-01	
3,755E+0	8,24E-01	1,00E-01	
3,76E+0	8,24E-01	1,60E-01	
3,765E+0	8,20E-01	1,60E-01	
3,77E+0	8,24E-01	1,00E-01	
3,775E+0	8,24E-01	1,40E-01	
3,78E+0	8,32E-01	1,80E-01	
3,785E+0	8,36E-01	1,60E-01	
3,79E+0	8,32E-01	1,20E-01	
3,795E+0	8,28E-01	1,20E-01	
3,8E+0	8,36E-01	1,00E-01	
3,805E+0	8,28E-01	1,20E-01	
3,81E+0	8,24E-01	1,40E-01	
3,815E+0	8,28E-01	1,60E-01	
3,82E+0	8,20E-01	1,00E-01	
3,825E+0	8,28E-01	1,60E-01	
3,83E+0	8,28E-01	1,00E-01	
3,835E+0	8,24E-01	8,00E-02	
3,84E+0	8,28E-01	1,00E-01	
3,845E+0	8,28E-01	1,40E-01	
3,85E+0	8,24E-01	8,00E-02	
3,855E+0	8,24E-01	1,20E-01	
3,86E+0	8,16E-01	1,20E-01	
3,865E+0	8,12E-01	1,00E-01	
3,87E+0	8,20E-01	1,20E-01	
3,875E+0	8,20E-01	1,20E-01	
3,88E+0	8,24E-01	1,20E-01	
3,885E+0	8,20E-01	8,00E-02	
3,89E+0	8,20E-01	1,60E-01	
3,895E+0	8,16E-01	8,00E-02	
3,9E+0	8,24E-01	1,20E-01	
3,905E+0	8,20E-01	1,40E-01	
3,91E+0	8,16E-01	8,00E-02	
3,915E+0	8,16E-01	1,40E-01	
3,92E+0	8,12E-01	8,00E-02	
3,925E+0	8,12E-01	8,00E-02	
3,93E+0	8,16E-01	1,20E-01	
3,935E+0	8,16E-01	1,00E-01	
3,94E+0	8,08E-01	8,00E-02	
3,945E+0	8,16E-01	6,00E-02	
3,95E+0	8,16E-01	8,00E-02	
3,955E+0	8,12E-01	8,00E-02	
3,96E+0	8,08E-01	1,20E-01	
3,965E+0	8,12E-01	1,40E-01	
3,97E+0	8,12E-01	1,20E-01	
3,975E+0	8,12E-01	6,00E-02	
3,98E+0	8,16E-01	1,40E-01	
3,985E+0	8,12E-01	1,00E-01	
3,99E+0	8,16E-01	1,00E-01	
3,995E+0	8,16E-01	4,00E-02	
4,E+0	8,16E-01	6,00E-02	
4,005E+0	8,12E-01	1,20E-01	
4,01E+0	8,16E-01	6,00E-02	
4,015E+0	8,08E-01	1,20E-01	
4,02E+0	8,12E-01	1,00E-01	
4,025E+0	8,08E-01	8,00E-02	
4,03E+0	8,00E-01	1,00E-01	
4,035E+0	8,00E-01	8,00E-02	
4,04E+0	7,96E-01	1,00E-01	
4,045E+0	7,96E-01	1,00E-01	
4,05E+0	8,04E-01	8,00E-02	
4,055E+0	8,04E-01	1,20E-01	
4,06E+0	8,04E-01	4,00E-02	
4,065E+0	7,96E-01	1,20E-01	
4,07E+0	7,96E-01	1,00E-01	
4,075E+0	8,00E-01	1,00E-01	
4,08E+0	7,96E-01	1,00E-01	
4,085E+0	7,92E-01	6,00E-02	
4,09E+0	7,96E-01	1,00E-01	
4,095E+0	8,00E-01	1,00E-01	
4,1E+0	7,92E-01	1,00E-01	
4,105E+0	7,96E-01	8,00E-02	
4,11E+0	7,96E-01	6,00E-02	
4,115E+0	7,92E-01	8,00E-02	
4,12E+0	7,96E-01	1,00E-01	
4,125E+0	7,92E-01	4,00E-02	
4,13E+0	8,00E-01	2,00E-02	
4,135E+0	7,96E-01	1,00E-01	
4,14E+0	7,96E-01	4,00E-02	
4,145E+0	7,96E-01	2,00E-02	
4,15E+0	7,88E-01	6,00E-02	
4,155E+0	7,88E-01	1,00E-01	
4,16E+0	7,88E-01	8,00E-02	
4,165E+0	7,88E-01	8,00E-02	
4,17E+0	7,84E-01	2,00E-02	
4,175E+0	7,88E-01	2,00E-02	
4,18E+0	7,80E-01	2,00E-02	
4,185E+0	7,76E-01	2,00E-02	
4,19E+0	7,80E-01	1,00E-01	
4,195E+0	7,76E-01	0,00E+00	
4,2E+0	7,80E-01	8,00E-02	
4,205E+0	7,76E-01	4,00E-02	
4,21E+0	7,72E-01	4,00E-02	
4,215E+0	7,72E-01	0,00E+00	
4,22E+0	7,76E-01	4,00E-02	
4,225E+0	7,72E-01	8,00E-02	
4,23E+0	7,68E-01	4,00E-02	
4,235E+0	7,68E-01	8,00E-02	
4,24E+0	7,68E-01	4,00E-02	
4,245E+0	7,72E-01	8,00E-02	
4,25E+0	7,68E-01	0,00E+00	
4,255E+0	7,80E-01	2,00E-02	
4,26E+0	7,76E-01	2,00E-02	
4,265E+0	7,72E-01	6,00E-02	
4,27E+0	7,68E-01	2,00E-02	
4,275E+0	7,64E-01	0,00E+00	
4,28E+0	7,64E-01	8,00E-02	
4,285E+0	7,68E-01	6,00E-02	
4,29E+0	7,68E-01	6,00E-02	
4,295E+0	7,68E-01	0,00E+00	
4,3E+0	7,64E-01	6,00E-02	
4,305E+0	7,64E-01	6,00E-02	
4,31E+0	7,56E-01	2,00E-02	
4,315E+0	7,56E-01	4,00E-02	
4,32E+0	7,48E-01	4,00E-02	
4,325E+0	7,48E-01	4,00E-02	
4,33E+0	7,52E-01	4,00E-02	
4,335E+0	7,52E-01	4,00E-02	
4,34E+0	7,48E-01	-2,00E-02	
4,345E+0	7,52E-01	6,00E-02	
4,35E+0	7,48E-01	-2,00E-02	
4,355E+0	7,48E-01	2,00E-02	
4,36E+0	7,52E-01	-2,00E-02	
4,365E+0	7,48E-01	-2,00E-02	
4,37E+0	7,44E-01	4,00E-02	
4,375E+0	7,36E-01	0,00E+00	
4,38E+0	7,36E-01	4,00E-02	
4,385E+0	7,32E-01	-2,00E-02	
4,39E+0	7,36E-01	4,00E-02	
4,395E+0	7,36E-01	2,00E-02	
4,4E+0	7,36E-01	-2,00E-02	
4,405E+0	7,32E-01	-4,00E-02	
4,41E+0	7,36E-01	0,00E+00	
4,415E+0	7,32E-01	0,00E+00	
4,42E+0	7,32E-01	0,00E+00	
4,425E+0	7,32E-01	0,00E+00	
4,43E+0	7,32E-01	4,00E-02	
4,435E+0	7,28E-01	4,00E-02	
4,44E+0	7,24E-01	-2,00E-02	
4,445E+0	7,28E-01	4,00E-02	
4,45E+0	7,20E-01	-2,00E-02	
4,455E+0	7,12E-01	-2,00E-02	
4,46E+0	7,12E-01	0,00E+00	
4,465E+0	7,08E-01	-2,00E-02	
4,47E+0	7,12E-01	-4,00E-02	
4,475E+0	7,04E-01	-4,00E-02	
4,48E+0	7,00E-01	0,00E+00	
4,485E+0	7,04E-01	-6,00E-02	
4,49E+0	7,00E-01	2,00E-02	
4,495E+0	6,96E-01	-2,00E-02	
4,5E+0	7,00E-01	-2,00E-02	
4,505E+0	7,00E-01	2,00E-02	
4,51E+0	7,00E-01	-2,00E-02	
4,515E+0	7,00E-01	-2,00E-02	
4,52E+0	7,00E-01	0,00E+00	
4,525E+0	6,88E-01	-6,00E-02	
4,53E+0	6,88E-01	-4,00E-02	
4,535E+0	6,84E-01	-6,00E-02	
4,54E+0	6,84E-01	0,00E+00	
4,545E+0	6,76E-01	-6,00E-02	
4,55E+0	6,92E-01	0,00E+00	
4,555E+0	6,88E-01	2,00E-02	
4,56E+0	6,84E-01	-6,00E-02	
4,565E+0	6,80E-01	-6,00E-02	
4,57E+0	6,80E-01	-2,00E-02	
4,575E+0	6,76E-01	-2,00E-02	
4,58E+0	6,76E-01	-6,00E-02	
4,585E+0	6,72E-01	2,00E-02	
4,59E+0	6,76E-01	-6,00E-02	
4,595E+0	6,72E-01	-2,00E-02	
4,6E+0	6,64E-01	0,00E+00	
4,605E+0	6,56E-01	-8,00E-02	
4,61E+0	6,56E-01	-6,00E-02	
4,615E+0	6,56E-01	-8,00E-02	
4,62E+0	6,56E-01	-8,00E-02	
4,625E+0	6,48E-01	-4,00E-02	
4,63E+0	6,48E-01	-6,00E-02	
4,635E+0	6,44E-01	-6,00E-02	
4,64E+0	6,44E-01	-8,00E-02	
4,645E+0	6,36E-01	-2,00E-02	
4,65E+0	6,36E-01	-4,00E-02	
4,655E+0	6,32E-01	-8,00E-02	
4,66E+0	6,28E-01	-4,00E-02	
4,665E+0	6,28E-01	-6,00E-02	
4,67E+0	6,24E-01	-6,00E-02	
4,675E+0	6,20E-01	-6,00E-02	
4,68E+0	6,24E-01	-2,00E-02	
4,685E+0	6,20E-01	-8,00E-02	
4,69E+0	6,20E-01	-8,00E-02	
4,695E+0	6,16E-01	-1,00E-01	
4,7E+0	6,12E-01	-1,00E-01	
4,705E+0	6,12E-01	-6,00E-02	
4,71E+0	6,08E-01	-4,00E-02	
4,715E+0	6,04E-01	-4,00E-02	
4,72E+0	6,04E-01	-1,00E-01	
4,725E+0	6,00E-01	-1,00E-01	
4,73E+0	5,96E-01	-4,00E-02	
4,735E+0	5,92E-01	-1,00E-01	
4,74E+0	5,88E-01	-1,00E-01	
4,745E+0	5,84E-01	-4,00E-02	
4,75E+0	5,80E-01	-1,00E-01	
4,755E+0	5,84E-01	-1,00E-01	
4,76E+0	5,76E-01	-4,00E-02	
4,765E+0	5,72E-01	-6,00E-02	
4,77E+0	5,76E-01	-1,00E-01	
4,775E+0	5,72E-01	-4,00E-02	
4,78E+0	5,68E-01	-1,00E-01	
4,785E+0	5,60E-01	-6,00E-02	
4,79E+0	5,60E-01	-1,20E-01	
4,795E+0	5,60E-01	-1,00E-01	
4,8E+0	5,56E-01	-8,00E-02	
4,805E+0	5,48E-01	-4,00E-02	
4,81E+0	5,52E-01	-4,00E-02	
4,815E+0	5,44E-01	-6,00E-02	
4,82E+0	5,44E-01	-6,00E-02	
4,825E+0	5,36E-01	-6,00E-02	
4,83E+0	5,36E-01	-6,00E-02	
4,835E+0	5,32E-01	-1,00E-01	
4,84E+0	5,28E-01	-1,20E-01	
4,845E+0	5,24E-01	-8,00E-02	
4,85E+0	5,24E-01	-8,00E-02	
4,855E+0	5,20E-01	-1,00E-01	
4,86E+0	5,24E-01	-1,20E-01	
4,865E+0	5,12E-01	-1,20E-01	
4,87E+0	5,12E-01	-1,20E-01	
4,875E+0	5,12E-01	-6,00E-02	
4,88E+0	5,16E-01	-1,00E-01	
4,885E+0	5,04E-01	-1,20E-01	
4,89E+0	5,00E-01	-8,00E-02	
4,895E+0	4,96E-01	-1,40E-01	
4,9E+0	4,88E-01	-1,20E-01	
4,905E+0	4,84E-01	-8,00E-02	
4,91E+0	4,88E-01	-8,00E-02	
4,915E+0	4,84E-01	-8,00E-02	
4,92E+0	4,84E-01	-8,00E-02	
4,925E+0	4,84E-01	-6,00E-02	
4,93E+0	4,84E-01	-1,20E-01	
4,935E+0	4,80E-01	-6,00E-02	
4,94E+0	4,72E-01	-8,00E-02	
4,945E+0	4,72E-01	-1,40E-01	
4,95E+0	4,72E-01	-1,20E-01	
4,955E+0	4,68E-01	-1,20E-01	
4,96E+0	4,68E-01	-1,40E-01	
4,965E+0	4,64E-01	-6,00E-02	
4,97E+0	4,64E-01	-1,00E-01	
4,975E+0	4,60E-01	-8,00E-02	
4,98E+0	4,60E-01	-1,20E-01	
4,985E+0	4,56E-01	-1,00E-01	
4,99E+0	4,64E-01	-1,60E-01	
4,995E+0	4,52E-01	-1,20E-01	
5,E+0	4,56E-01	-1,40E-01	
5,005E+0	4,60E-01	-8,00E-02	
5,01E+0	4,56E-01	-8,00E-02	
5,015E+0	4,60E-01	-1,60E-01	
5,02E+0	4,56E-01	-1,40E-01	
5,025E+0	4,52E-01	-8,00E-02	
5,03E+0	4,48E-01	-1,60E-01	
5,035E+0	4,52E-01	-1,60E-01	
5,04E+0	4,52E-01	-1,20E-01	
5,045E+0	4,52E-01	-1,60E-01	
5,05E+0	4,56E-01	-1,00E-01	
5,055E+0	4,48E-01	-1,00E-01	
5,06E+0	4,48E-01	-1,60E-01	
5,065E+0	4,52E-01	-1,00E-01	
5,07E+0	4,52E-01	-1,00E-01	
5,075E+0	4,48E-01	-1,00E-01	
5,08E+0	4,52E-01	-1,80E-01	
5,085E+0	4,56E-01	-1,00E-01	
5,09E+0	4,60E-01	-1,80E-01	
5,095E+0	4,52E-01	-1,80E-01	
5,1E+0	4,56E-01	-1,20E-01	
5,105E+0	4,52E-01	-1,80E-01	
5,11E+0	4,56E-01	-1,40E-01	
5,115E+0	4,56E-01	-1,20E-01	
5,12E+0	4,56E-01	-1,60E-01	
5,125E+0	4,64E-01	-1,20E-01	
5,13E+0	4,64E-01	-1,80E-01	
5,135E+0	4,64E-01	-1,80E-01	
5,14E+0	4,60E-01	-1,60E-01	
5,145E+0	4,64E-01	-1,80E-01	
5,15E+0	4,64E-01	-1,20E-01	
5,155E+0	4,64E-01	-1,80E-01	
5,16E+0	4,72E-01	-1,80E-01	
5,165E+0	4,72E-01	-1,80E-01	
5,17E+0	4,72E-01	-1,20E-01	
5,175E+0	4,68E-01	-1,00E-01	
5,18E+0	4,72E-01	-1,80E-01	
5,185E+0	4,76E-01	-1,40E-01	
5,19E+0	4,80E-01	-1,40E-01	
5,195E+0	4,80E-01	-1,20E-01	
5,2E+0	4,84E-01	-1,60E-01	
5,205E+0	4,92E-01	-1,40E-01	
5,21E+0	4,92E-01	-2,00E-01	
5,215E+0	4,96E-01	-2,00E-01	
5,22E+0	4,92E-01	-1,40E-01	
5,225E+0	5,00E-01	-1,40E-01	
5,23E+0	5,04E-01	-1,40E-01	
5,235E+0	5,08E-01	-2,00E-01	
5,24E+0	5,08E-01	-1,40E-01	
5,245E+0	5,12E-01	-1,40E-01	
5,25E+0	5,08E-01	-2,00E-01	
5,255E+0	5,12E-01	-2,00E-01	
5,26E+0	5,16E-01	-1,40E-01	
5,265E+0	5,24E-01	-1,40E-01	
5,27E+0	5,24E-01	-1,40E-01	
5,275E+0	5,28E-01	-2,20E-01	
5,28E+0	5,36E-01	-2,00E-01	
5,285E+0	5,36E-01	-1,60E-01	
5,29E+0	5,40E-01	-1,40E-01	
5,295E+0	5,40E-01	-2,00E-01	
5,3E+0	5,44E-01	-1,60E-01	
5,305E+0	5,48E-01	-1,80E-01	
5,31E+0	5,52E-01	-1,80E-01	
5,315E+0	5,56E-01	-1,60E-01	
5,32E+0	5,56E-01	-2,20E-01	
5,325E+0	5,52E-01	-1,60E-01	
5,33E+0	5,52E-01	-1,60E-01	
5,335E+0	5,56E-01	-1,80E-01	
5,34E+0	5,60E-01	-1,80E-01	
5,345E+0	5,68E-01	-2,00E-01	
5,35E+0	5,76E-01	-1,80E-01	
5,355E+0	5,80E-01	-1,60E-01	
5,36E+0	5,76E-01	-2,20E-01	
5,365E+0	5,84E-01	-2,00E-01	
5,37E+0	5,84E-01	-2,20E-01	
5,375E+0	5,80E-01	-2,40E-01	
5,38E+0	5,92E-01	-2,00E-01	
5,385E+0	5,96E-01	-2,00E-01	
5,39E+0	5,96E-01	-2,20E-01	
5,395E+0	5,96E-01	-2,20E-01	
5,4E+0	6,04E-01	-2,00E-01	
5,405E+0	6,00E-01	-2,00E-01	
5,41E+0	6,04E-01	-2,40E-01	
5,415E+0	6,08E-01	-2,00E-01	
5,42E+0	6,08E-01	-2,20E-01	
5,425E+0	6,16E-01	-1,80E-01	
5,43E+0	6,16E-01	-2,00E-01	
5,435E+0	6,16E-01	-1,80E-01	
5,44E+0	6,16E-01	-1,80E-01	
5,445E+0	6,24E-01	-1,60E-01	
5,45E+0	6,28E-01	-2,40E-01	
5,455E+0	6,32E-01	-1,80E-01	
5,46E+0	6,36E-01	-2,40E-01	
5,465E+0	6,32E-01	-2,40E-01	
5,47E+0	6,28E-01	-2,00E-01	
5,475E+0	6,36E-01	-2,60E-01	
5,48E+0	6,40E-01	-2,40E-01	
5,485E+0	6,44E-01	-1,80E-01	
5,49E+0	6,52E-01	-1,80E-01	
5,495E+0	6,56E-01	-2,20E-01	
5,5E+0	6,60E-01	-2,40E-01	
5,505E+0	6,60E-01	-2,20E-01	
5,51E+0	6,60E-01	-2,00E-01	
5,515E+0	6,60E-01	-2,00E-01	
5,52E+0	6,68E-01	-2,00E-01	
5,525E+0	6,72E-01	-1,80E-01	
5,53E+0	6,72E-01	-2,60E-01	
5,535E+0	6,76E-01	-2,00E-01	
5,54E+0	6,80E-01	-2,60E-01	
5,545E+0	6,80E-01	-2,00E-01	
5,55E+0	6,88E-01	-2,00E-01	
5,555E+0	6,80E-01	-2,80E-01	
5,56E+0	6,80E-01	-2,20E-01	
5,565E+0	6,76E-01	-2,20E-01	
5,57E+0	6,80E-01	-2,00E-01	
5,575E+0	6,92E-01	-2,60E-01	
5,58E+0	6,84E-01	-2,60E-01	
5,585E+0	6,88E-01	-2,80E-01	
5,59E+0	6,92E-01	-2,00E-01	
5,595E+0	7,00E-01	-2,20E-01	
5,6E+0	7,00E-01	-2,20E-01	
5,605E+0	7,08E-01	-2,00E-01	
5,61E+0	7,04E-01	-2,20E-01	
5,615E+0	7,04E-01	-2,60E-01	
5,62E+0	7,04E-01	-2,60E-01	
5,625E+0	7,08E-01	-2,80E-01	
5,63E+0	7,08E-01	-2,60E-01	
5,635E+0	7,04E-01	-2,20E-01	
5,64E+0	7,04E-01	-2,60E-01	
5,645E+0	7,08E-01	-2,00E-01	
5,65E+0	7,08E-01	-2,80E-01	
5,655E+0	7,08E-01	-2,20E-01	
5,66E+0	7,16E-01	-2,80E-01	
5,665E+0	7,20E-01	-2,20E-01	
5,67E+0	7,20E-01	-2,40E-01	
5,675E+0	7,20E-01	-3,00E-01	
5,68E+0	7,20E-01	-2,80E-01	
5,685E+0	7,24E-01	-3,00E-01	
5,69E+0	7,32E-01	-2,80E-01	
5,695E+0	7,24E-01	-2,60E-01	
5,7E+0	7,28E-01	-2,20E-01	
5,705E+0	7,28E-01	-3,00E-01	
5,71E+0	7,32E-01	-3,00E-01	
5,715E+0	7,36E-01	-2,40E-01	
5,72E+0	7,36E-01	-2,40E-01	
5,725E+0	7,40E-01	-3,00E-01	
5,73E+0	7,32E-01	-2,40E-01	
5,735E+0	7,36E-01	-3,00E-01	
5,74E+0	7,32E-01	-2,60E-01	
5,745E+0	7,40E-01	-2,80E-01	
5,75E+0	7,40E-01	-3,20E-01	
5,755E+0	7,40E-01	-2,40E-01	
5,76E+0	7,40E-01	-3,20E-01	
5,765E+0	7,52E-01	-3,00E-01	
5,77E+0	7,44E-01	-3,20E-01	
5,775E+0	7,52E-01	-3,00E-01	
5,78E+0	7,52E-01	-2,60E-01	
5,785E+0	7,56E-01	-2,80E-01	
5,79E+0	7,56E-01	-2,60E-01	
5,795E+0	7,60E-01	-2,40E-01	
5,8E+0	7,60E-01	-3,00E-01	
5,805E+0	7,60E-01	-2,60E-01	
5,81E+0	7,64E-01	-3,00E-01	
5,815E+0	7,68E-01	-2,60E-01	
5,82E+0	7,60E-01	-3,20E-01	
5,825E+0	7,72E-01	-3,00E-01	
5,83E+0	7,68E-01	-2,60E-01	
5,835E+0	7,72E-01	-3,20E-01	
5,84E+0	7,64E-01	-2,80E-01	
5,845E+0	7,68E-01	-2,60E-01	
5,85E+0	7,64E-01	-2,80E-01	
5,855E+0	7,64E-01	-3,20E-01	
5,86E+0	7,68E-01	-3,40E-01	
5,865E+0	7,72E-01	-2,80E-01	
5,87E+0	7,72E-01	-2,60E-01	
5,875E+0	7,72E-01	-3,40E-01	
5,88E+0	7,76E-01	-3,40E-01	
5,885E+0	7,76E-01	-3,40E-01	
5,89E+0	7,76E-01	-3,20E-01	
5,895E+0	7,80E-01	-3,40E-01	
5,9E+0	7,76E-01	-3,00E-01	
5,905E+0	7,80E-01	-2,60E-01	
5,91E+0	7,80E-01	-3,40E-01	
5,915E+0	7,84E-01	-2,80E-01	
5,92E+0	7,88E-01	-3,00E-01	
5,925E+0	7,88E-01	-2,80E-01	
5,93E+0	7,84E-01	-2,80E-01	
5,935E+0	7,84E-01	-2,80E-01	
5,94E+0	7,88E-01	-3,00E-01	
5,945E+0	7,96E-01	-3,60E-01	
5,95E+0	7,96E-01	-2,80E-01	
5,955E+0	7,88E-01	-2,80E-01	
5,96E+0	7,92E-01	-3,00E-01	
5,965E+0	7,96E-01	-2,80E-01	
5,97E+0	7,92E-01	-3,40E-01	
5,975E+0	7,92E-01	-3,60E-01	
5,98E+0	7,92E-01	-3,40E-01	
5,985E+0	7,92E-01	-3,00E-01	
5,99E+0	7,88E-01	-2,80E-01	
5,995E+0	7,88E-01	-3,40E-01	
6,E+0	7,88E-01	-3,80E-01	
6,005E+0	8,00E-01	-2,80E-01	
6,01E+0	7,96E-01	-3,60E-01	
6,015E+0	7,92E-01	-3,00E-01	
6,02E+0	8,00E-01	-3,40E-01	
6,025E+0	8,00E-01	-3,00E-01	
6,03E+0	7,92E-01	-3,60E-01	
6,035E+0	7,96E-01	-3,80E-01	
6,04E+0	8,00E-01	-3,80E-01	
6,045E+0	8,00E-01	-3,80E-01	
6,05E+0	8,00E-01	-3,00E-01	
6,055E+0	7,96E-01	-3,80E-01	
6,06E+0	8,00E-01	-3,80E-01	
6,065E+0	8,04E-01	-3,00E-01	
6,07E+0	8,00E-01	-3,20E-01	
6,075E+0	8,00E-01	-3,40E-01	
6,08E+0	8,00E-01	-3,20E-01	
6,085E+0	8,00E-01	-3,20E-01	
6,09E+0	8,04E-01	-3,80E-01	
6,095E+0	8,08E-01	-3,00E-01	
6,1E+0	8,08E-01	-3,60E-01	
6,105E+0	8,04E-01	-3,80E-01	
6,11E+0	8,04E-01	-3,00E-01	
6,115E+0	8,04E-01	-3,20E-01	
6,12E+0	8,08E-01	-3,80E-01	
6,125E+0	8,12E-01	-3,80E-01	
6,13E+0	8,16E-01	-3,80E-01	
6,135E+0	8,12E-01	-3,40E-01	
6,14E+0	8,12E-01	-3,40E-01	
6,145E+0	8,08E-01	-3,60E-01	
6,15E+0	8,08E-01	-3,40E-01	
6,155E+0	8,12E-01	-3,60E-01	
6,16E+0	8,12E-01	-4,00E-01	
6,165E+0	8,12E-01	-3,40E-01	
6,17E+0	8,16E-01	-3,20E-01	
6,175E+0	8,12E-01	-3,80E-01	
6,18E+0	8,16E-01	-3,20E-01	
6,185E+0	8,16E-01	-4,00E-01	
6,19E+0	8,20E-01	-3,20E-01	
6,195E+0	8,16E-01	-3,40E-01	
6,2E+0	8,16E-01	-4,00E-01	
6,205E+0	8,16E-01	-4,00E-01	
6,21E+0	8,16E-01	-4,00E-01	
6,215E+0	8,12E-01	-4,00E-01	
6,22E+0	8,12E-01	-4,20E-01	
6,225E+0	8,12E-01	-3,40E-01	
6,23E+0	8,20E-01	-4,00E-01	
6,235E+0	8,20E-01	-3,80E-01	
6,24E+0	8,12E-01	-3,60E-01	
6,245E+0	8,12E-01	-3,40E-01	
6,25E+0	8,16E-01	-4,20E-01	
6,255E+0	8,20E-01	-3,80E-01	
6,26E+0	8,16E-01	-3,40E-01	
6,265E+0	8,24E-01	-3,80E-01	
6,27E+0	8,24E-01	-3,60E-01	
6,275E+0	8,24E-01	-4,20E-01	
6,28E+0	8,20E-01	-4,00E-01	
6,285E+0	8,16E-01	-3,40E-01	
6,29E+0	8,12E-01	-4,20E-01	
6,295E+0	8,16E-01	-3,40E-01	
6,3E+0	8,24E-01	-4,20E-01	
6,305E+0	8,28E-01	-4,20E-01	
6,31E+0	8,24E-01	-4,20E-01	
6,315E+0	8,20E-01	-3,80E-01	
6,32E+0	8,24E-01	-3,60E-01	
6,325E+0	8,28E-01	-3,80E-01	
6,33E+0	8,20E-01	-4,20E-01	
6,335E+0	8,20E-01	-4,20E-01	
6,34E+0	8,16E-01	-3,60E-01	
6,345E+0	8,20E-01	-4,00E-01	
6,35E+0	8,28E-01	-3,60E-01	
6,355E+0	8,28E-01	-4,00E-01	
6,36E+0	8,32E-01	-3,80E-01	
6,365E+0	8,28E-01	-4,00E-01	
6,37E+0	8,28E-01	-4,20E-01	
6,375E+0	8,32E-01	-4,20E-01	
6,38E+0	8,24E-01	-4,20E-01	
6,385E+0	8,32E-01	-3,60E-01	
6,39E+0	8,28E-01	-3,60E-01	
6,395E+0	8,28E-01	-4,40E-01	
6,4E+0	8,20E-01	-3,80E-01	
6,405E+0	8,28E-01	-4,60E-01	
6,41E+0	8,24E-01	-4,40E-01	
6,415E+0	8,32E-01	-3,80E-01	
6,42E+0	8,32E-01	-4,60E-01	
6,425E+0	8,32E-01	-4,40E-01	
6,43E+0	8,32E-01	-3,80E-01	
6,435E+0	8,32E-01	-4,40E-01	
6,44E+0	8,32E-01	-4,20E-01	
6,445E+0	8,32E-01	-4,60E-01	
6,45E+0	8,32E-01	-4,40E-01	
6,455E+0	8,32E-01	-4,40E-01	
6,46E+0	8,36E-01	-3,80E-01	
6,465E+0	8,36E-01	-4,40E-01	
6,47E+0	8,36E-01	-4,60E-01	
6,475E+0	8,36E-01	-4,00E-01	
6,48E+0	8,32E-01	-4,40E-01	
6,485E+0	8,40E-01	-4,20E-01	
6,49E+0	8,40E-01	-4,00E-01	
6,495E+0	8,40E-01	-4,20E-01	
6,5E+0	8,36E-01	-4,00E-01	
6,505E+0	8,36E-01	-4,40E-01	
6,51E+0	8,36E-01	-4,00E-01	
6,515E+0	8,40E-01	-4,40E-01	
6,52E+0	8,44E-01	-4,00E-01	
6,525E+0	8,44E-01	-4,20E-01	
6,53E+0	8,48E-01	-4,80E-01	
6,535E+0	8,48E-01	-4,00E-01	
6,54E+0	8,44E-01	-4,60E-01	
6,545E+0	8,44E-01	-4,40E-01	
6,55E+0	8,36E-01	-4,80E-01	
6,555E+0	8,36E-01	-4,20E-01	
6,56E+0	8,36E-01	-4,60E-01	
6,565E+0	8,36E-01	-4,20E-01	
6,57E+0	8,40E-01	-4,20E-01	
6,575E+0	8,40E-01	-4,00E-01	
6,58E+0	8,44E-01	-4,00E-01	
6,585E+0	8,44E-01	-4,00E-01	
6,59E+0	8,44E-01	-4,40E-01	
6,595E+0	8,48E-01	-4,60E-01	
6,6E+0	8,44E-01	-4,40E-01	
6,605E+0	8,40E-01	-4,80E-01	
6,61E+0	8,44E-01	-4,00E-01	
6,615E+0	8,48E-01	-4,20E-01	
6,62E+0	8,48E-01	-4,20E-01	
6,625E+0	8,52E-01	-4,20E-01	
6,63E+0	8,44E-01	-4,80E-01	
6,635E+0	8,48E-01	-4,80E-01	
6,64E+0	8,44E-01	-5,00E-01	
6,645E+0	8,44E-01	-4,40E-01	
6,65E+0	8,48E-01	-4,60E-01	
6,655E+0	8,48E-01	-4,40E-01	
6,66E+0	8,48E-01	-4,20E-01	
6,665E+0	8,48E-01	-4,80E-01	
6,67E+0	8,48E-01	-5,00E-01	
6,675E+0	8,44E-01	-4,20E-01	
6,68E+0	8,40E-01	-4,20E-01	
6,685E+0	8,44E-01	-4,40E-01	
6,69E+0	8,44E-01	-5,00E-01	
6,695E+0	8,40E-01	-5,00E-01	
6,7E+0	8,44E-01	-4,80E-01	
6,705E+0	8,44E-01	-4,80E-01	
6,71E+0	8,52E-01	-5,00E-01	
6,715E+0	8,48E-01	-4,40E-01	
6,72E+0	8,48E-01	-5,20E-01	
6,725E+0	8,56E-01	-4,40E-01	
6,73E+0	8,44E-01	-4,80E-01	
6,735E+0	8,52E-01	-4,60E-01	
6,74E+0	8,52E-01	-4,60E-01	
6,745E+0	8,44E-01	-4,60E-01	
6,75E+0	8,56E-01	-5,00E-01	
6,755E+0	8,56E-01	-5,20E-01	
6,76E+0	8,48E-01	-4,80E-01	
6,765E+0	8,48E-01	-5,00E-01	
6,77E+0	8,48E-01	-4,80E-01	
6,775E+0	8,52E-01	-4,80E-01	
6,78E+0	8,52E-01	-5,20E-01	
6,785E+0	8,52E-01	-4,80E-01	
6,79E+0	8,52E-01	-5,00E-01	
6,795E+0	8,52E-01	-5,20E-01	
6,8E+0	8,52E-01	-4,80E-01	
6,805E+0	8,52E-01	-5,20E-01	
6,81E+0	8,52E-01	-5,20E-01	
6,815E+0	8,52E-01	-4,80E-01	
6,82E+0	8,48E-01	-5,20E-01	
6,825E+0	8,56E-01	-5,20E-01	
6,83E+0	8,56E-01	-5,40E-01	
6,835E+0	8,60E-01	-4,80E-01	
6,84E+0	8,48E-01	-4,60E-01	
6,845E+0	8,44E-01	-4,80E-01	
6,85E+0	8,52E-01	-5,20E-01	
6,855E+0	8,52E-01	-5,00E-01	
6,86E+0	8,56E-01	-5,20E-01	
6,865E+0	8,64E-01	-4,80E-01	
6,87E+0	8,60E-01	-4,80E-01	
6,875E+0	8,56E-01	-5,20E-01	
6,88E+0	8,52E-01	-5,40E-01	
6,885E+0	8,56E-01	-5,40E-01	
6,89E+0	8,60E-01	-5,20E-01	
6,895E+0	8,52E-01	-4,80E-01	
6,9E+0	8,60E-01	-5,40E-01	
6,905E+0	8,60E-01	-5,40E-01	
6,91E+0	8,56E-01	-4,80E-01	
6,915E+0	8,56E-01	-5,40E-01	
6,92E+0	8,52E-01	-5,40E-01	
6,925E+0	8,56E-01	-5,40E-01	
6,93E+0	8,56E-01	-5,00E-01	
6,935E+0	8,60E-01	-5,60E-01	
6,94E+0	8,56E-01	-5,40E-01	
6,945E+0	8,56E-01	-5,00E-01	
6,95E+0	8,52E-01	-5,20E-01	
6,955E+0	8,52E-01	-5,40E-01	
6,96E+0	8,56E-01	-5,00E-01	
6,965E+0	8,56E-01	-5,60E-01	
6,97E+0	8,48E-01	-5,20E-01	
6,975E+0	8,52E-01	-5,20E-01	
6,98E+0	8,52E-01	-5,20E-01	
6,985E+0	8,52E-01	-5,00E-01	
6,99E+0	8,52E-01	-5,60E-01	
6,995E+0	8,52E-01	-5,40E-01	
7,E+0	8,56E-01	-5,60E-01	
7,005E+0	8,56E-01	-5,60E-01	
7,01E+0	8,52E-01	-5,00E-01	
7,015E+0	8,52E-01	-5,60E-01	
7,02E+0	8,44E-01	-5,40E-01	
7,025E+0	8,52E-01	-5,00E-01	
7,03E+0	8,56E-01	-5,40E-01	
7,035E+0	8,56E-01	-5,60E-01	
7,04E+0	8,52E-01	-5,40E-01	
7,045E+0	8,56E-01	-5,40E-01	
7,05E+0	8,52E-01	-5,80E-01	
7,055E+0	8,56E-01	-5,60E-01	
7,06E+0	8,60E-01	-5,20E-01	
7,065E+0	8,60E-01	-5,60E-01	
7,07E+0	8,60E-01	-5,80E-01	
7,075E+0	8,60E-01	-5,80E-01	
7,08E+0	8,56E-01	-5,60E-01	
7,085E+0	8,60E-01	-5,60E-01	
7,09E+0	8,56E-01	-5,40E-01	
7,095E+0	8,60E-01	-5,60E-01	
7,1E+0	8,52E-01	-5,80E-01	
7,105E+0	8,48E-01	-5,60E-01	
7,11E+0	8,56E-01	-6,00E-01	
7,115E+0	8,60E-01	-5,80E-01	
7,12E+0	8,64E-01	-5,80E-01	
7,125E+0	8,60E-01	-5,40E-01	
7,13E+0	8,56E-01	-5,80E-01	
7,135E+0	8,64E-01	-5,60E-01	
7,14E+0	8,56E-01	-5,40E-01	
7,145E+0	8,56E-01	-5,60E-01	
7,15E+0	8,60E-01	-5,20E-01	
7,155E+0	8,56E-01	-6,00E-01	
7,16E+0	8,60E-01	-5,80E-01	
7,165E+0	8,60E-01	-5,80E-01	
7,17E+0	8,56E-01	-5,80E-01	
7,175E+0	8,64E-01	-6,00E-01	
7,18E+0	8,64E-01	-5,60E-01	
7,185E+0	8,60E-01	-5,80E-01	
7,19E+0	8,64E-01	-5,60E-01	
7,195E+0	8,64E-01	-5,80E-01	
7,2E+0	8,68E-01	-5,40E-01	
7,205E+0	8,64E-01	-6,00E-01	
7,21E+0	8,60E-01	-5,40E-01	
7,215E+0	8,60E-01	-6,00E-01	
7,22E+0	8,60E-01	-5,60E-01	
7,225E+0	8,64E-01	-6,00E-01	
7,23E+0	8,64E-01	-5,60E-01	
7,235E+0	8,68E-01	-5,60E-01	
7,24E+0	8,64E-01	-6,40E-01	
7,245E+0	8,60E-01	-6,20E-01	
7,25E+0	8,64E-01	-5,40E-01	
7,255E+0	8,68E-01	-5,80E-01	
7,26E+0	8,72E-01	-6,20E-01	
7,265E+0	8,72E-01	-5,80E-01	
7,27E+0	8,68E-01	-6,00E-01	
7,275E+0	8,68E-01	-5,60E-01	
7,28E+0	8,68E-01	-5,80E-01	
7,285E+0	8,68E-01	-5,80E-01	
7,29E+0	8,64E-01	-5,80E-01	
7,295E+0	8,64E-01	-5,80E-01	
7,3E+0	8,60E-01	-5,60E-01	
7,305E+0	8,64E-01	-6,20E-01	
7,31E+0	8,72E-01	-6,40E-01	
7,315E+0	8,72E-01	-5,60E-01	
7,32E+0	8,64E-01	-6,00E-01	
7,325E+0	8,64E-01	-5,80E-01	
7,33E+0	8,56E-01	-6,00E-01	
7,335E+0	8,60E-01	-6,20E-01	
7,34E+0	8,64E-01	-5,80E-01	
7,345E+0	8,60E-01	-5,80E-01	
7,35E+0	8,60E-01	-5,80E-01	
7,355E+0	8,64E-01	-5,80E-01	
7,36E+0	8,56E-01	-6,60E-01	
7,365E+0	8,60E-01	-5,80E-01	
7,37E+0	8,64E-01	-6,20E-01	
7,375E+0	8,60E-01	-6,40E-01	
7,38E+0	8,64E-01	-6,00E-01	
7,385E+0	8,72E-01	-6,20E-01	
7,39E+0	8,72E-01	-6,20E-01	
7,395E+0	8,60E-01	-6,40E-01	
7,4E+0	8,60E-01	-6,20E-01	
7,405E+0	8,68E-01	-6,00E-01	
7,41E+0	8,72E-01	-5,80E-01	
7,415E+0	8,68E-01	-6,40E-01	
7,42E+0	8,68E-01	-5,80E-01	
7,425E+0	8,76E-01	-6,20E-01	
7,43E+0	8,68E-01	-6,40E-01	
7,435E+0	8,64E-01	-6,40E-01	
7,44E+0	8,60E-01	-6,20E-01	
7,445E+0	8,60E-01	-6,60E-01	
7,45E+0	8,68E-01	-6,60E-01	
7,455E+0	8,64E-01	-6,20E-01	
7,46E+0	8,68E-01	-6,00E-01	
7,465E+0	8,64E-01	-6,20E-01	
7,47E+0	8,68E-01	-6,60E-01	
7,475E+0	8,64E-01	-6,40E-01	
7,48E+0	8,60E-01	-6,80E-01	
7,485E+0	8,64E-01	-6,20E-01	
7,49E+0	8,64E-01	-6,00E-01	
7,495E+0	8,64E-01	-6,00E-01	
7,5E+0	8,64E-01	-6,60E-01	
7,505E+0	8,68E-01	-6,80E-01	
7,51E+0	8,64E-01	-6,40E-01	
7,515E+0	8,64E-01	-6,60E-01	
7,52E+0	8,60E-01	-6,20E-01	
7,525E+0	8,64E-01	-6,00E-01	
7,53E+0	8,68E-01	-6,20E-01	
7,535E+0	8,64E-01	-6,60E-01	
7,54E+0	8,60E-01	-6,60E-01	
7,545E+0	8,68E-01	-6,00E-01	
7,55E+0	8,72E-01	-6,80E-01	
7,555E+0	8,76E-01	-6,80E-01	
7,56E+0	8,68E-01	-6,60E-01	
7,565E+0	8,72E-01	-6,20E-01	
7,57E+0	8,76E-01	-6,60E-01	
7,575E+0	8,72E-01	-6,60E-01	
7,58E+0	8,68E-01	-6,40E-01	
7,585E+0	8,68E-01	-6,80E-01	
7,59E+0	8,68E-01	-6,20E-01	
7,595E+0	8,72E-01	-6,20E-01	
7,6E+0	8,72E-01	-7,00E-01	
7,605E+0	8,72E-01	-6,60E-01	
7,61E+0	8,72E-01	-6,40E-01	
7,615E+0	8,68E-01	-6,40E-01	
7,62E+0	8,68E-01	-6,60E-01	
7,625E+0	8,60E-01	-6,40E-01	
7,63E+0	8,60E-01	-7,00E-01	
7,635E+0	8,64E-01	-6,60E-01	
7,64E+0	8,68E-01	-6,60E-01	
7,645E+0	8,64E-01	-7,00E-01	
7,65E+0	8,64E-01	-6,60E-01	
7,655E+0	8,64E-01	-6,60E-01	
7,66E+0	8,64E-01	-7,00E-01	
7,665E+0	8,64E-01	-6,40E-01	
7,67E+0	8,72E-01	-7,00E-01	
7,675E+0	8,68E-01	-6,40E-01	
7,68E+0	8,68E-01	-7,20E-01	
7,685E+0	8,64E-01	-6,80E-01	
7,69E+0	8,68E-01	-6,60E-01	
7,695E+0	8,68E-01	-6,40E-01	
7,7E+0	8,64E-01	-7,00E-01	
7,705E+0	8,68E-01	-7,00E-01	
7,71E+0	8,72E-01	-7,20E-01	
7,715E+0	8,68E-01	-7,20E-01	
7,72E+0	8,76E-01	-7,00E-01	
7,725E+0	8,72E-01	-6,80E-01	
7,73E+0	8,68E-01	-6,80E-01	
7,735E+0	8,68E-01	-6,60E-01	
7,74E+0	8,76E-01	-6,40E-01	
7,745E+0	8,76E-01	-6,80E-01	
7,75E+0	8,72E-01	-6,60E-01	
7,755E+0	8,72E-01	-6,40E-01	
7,76E+0	8,72E-01	-7,20E-01	
7,765E+0	8,72E-01	-7,00E-01	
7,77E+0	8,72E-01	-7,00E-01	
7,775E+0	8,68E-01	-7,20E-01	
7,78E+0	8,72E-01	-6,80E-01	
7,785E+0	8,68E-01	-6,80E-01	
7,79E+0	8,64E-01	-6,60E-01	
7,795E+0	8,64E-01	-6,60E-01	
7,8E+0	8,64E-01	-7,00E-01	
7,805E+0	8,68E-01	-7,40E-01	
7,81E+0	8,72E-01	-7,00E-01	
7,815E+0	8,76E-01	-7,00E-01	
7,82E+0	8,72E-01	-6,60E-01	
7,825E+0	8,68E-01	-7,00E-01	
7,83E+0	8,64E-01	-7,40E-01	
7,835E+0	8,68E-01	-7,40E-01	
7,84E+0	8,68E-01	-7,00E-01	
7,845E+0	8,68E-01	-7,00E-01	
7,85E+0	8,72E-01	-7,40E-01	
7,855E+0	8,76E-01	-7,40E-01	
7,86E+0	8,68E-01	-7,00E-01	
7,865E+0	8,64E-01	-7,60E-01	
7,87E+0	8,64E-01	-7,60E-01	
7,875E+0	8,72E-01	-7,40E-01	
7,88E+0	8,68E-01	-7,60E-01	
7,885E+0	8,68E-01	-7,20E-01	
7,89E+0	8,64E-01	-7,40E-01	
7,895E+0	8,64E-01	-6,80E-01	
7,9E+0	8,72E-01	-6,80E-01	
7,905E+0	8,76E-01	-7,20E-01	
7,91E+0	8,76E-01	-7,20E-01	
7,915E+0	8,72E-01	-7,20E-01	
7,92E+0	8,64E-01	-7,20E-01	
7,925E+0	8,64E-01	-7,60E-01	
7,93E+0	8,68E-01	-7,00E-01	
7,935E+0	8,72E-01	-7,20E-01	
7,94E+0	8,76E-01	-7,00E-01	
7,945E+0	8,76E-01	-7,20E-01	
7,95E+0	8,76E-01	-6,80E-01	
7,955E+0	8,72E-01	-7,60E-01	
7,96E+0	8,68E-01	-7,60E-01	
7,965E+0	8,68E-01	-7,40E-01	
7,97E+0	8,68E-01	-7,40E-01	
7,975E+0	8,68E-01	-7,20E-01	
7,98E+0	8,64E-01	-7,00E-01	
7,985E+0	8,72E-01	-7,60E-01	
7,99E+0	8,64E-01	-7,40E-01	
7,995E+0	8,60E-01	-7,80E-01	
8,E+0	8,60E-01	-7,20E-01	
8,005E+0	8,64E-01	-7,00E-01	
8,01E+0	8,68E-01	-7,20E-01	
8,015E+0	8,76E-01	-7,20E-01	
8,02E+0	8,80E-01	-7,20E-01	
8,025E+0	8,72E-01	-7,40E-01	
8,03E+0	8,76E-01	-7,20E-01	
8,035E+0	8,68E-01	-7,20E-01	
8,04E+0	8,72E-01	-7,20E-01	
8,045E+0	8,64E-01	-7,20E-01	
8,05E+0	8,72E-01	-7,40E-01	
8,055E+0	8,72E-01	-7,80E-01	
8,06E+0	8,72E-01	-8,00E-01	
8,065E+0	8,64E-01	-7,20E-01	
8,07E+0	8,72E-01	-7,80E-01	
8,075E+0	8,68E-01	-7,80E-01	
8,08E+0	8,68E-01	-7,20E-01	
8,085E+0	8,68E-01	-7,20E-01	
8,09E+0	8,68E-01	-8,00E-01	
8,095E+0	8,68E-01	-7,40E-01	
8,1E+0	8,68E-01	-7,80E-01	
8,105E+0	8,76E-01	-7,80E-01	
8,11E+0	8,76E-01	-7,40E-01	
8,115E+0	8,72E-01	-7,40E-01	
8,12E+0	8,64E-01	-7,40E-01	
8,125E+0	8,64E-01	-7,40E-01	
8,13E+0	8,72E-01	-8,00E-01	
8,135E+0	8,76E-01	-7,40E-01	
8,14E+0	8,76E-01	-7,60E-01	
8,145E+0	8,72E-01	-7,40E-01	
8,15E+0	8,72E-01	-7,40E-01	
8,155E+0	8,76E-01	-7,60E-01	
8,16E+0	8,76E-01	-8,20E-01	
8,165E+0	8,80E-01	-8,20E-01	
8,17E+0	8,72E-01	-8,00E-01	
8,175E+0	8,72E-01	-7,40E-01	
8,18E+0	8,76E-01	-8,20E-01	
8,185E+0	8,76E-01	-7,80E-01	
8,19E+0	8,76E-01	-7,60E-01	
8,195E+0	8,80E-01	-8,20E-01	
8,2E+0	8,80E-01	-8,00E-01	
8,205E+0	8,76E-01	-7,80E-01	
8,21E+0	8,76E-01	-7,40E-01	
8,215E+0	8,76E-01	-8,00E-01	
8,22E+0	8,76E-01	-7,80E-01	
8,225E+0	8,76E-01	-7,60E-01	
8,23E+0	8,76E-01	-7,40E-01	
8,235E+0	8,80E-01	-7,80E-01	
8,24E+0	8,80E-01	-8,20E-01	
8,245E+0	8,80E-01	-8,20E-01	
8,25E+0	8,80E-01	-8,20E-01	
8,255E+0	8,80E-01	-8,20E-01	
8,26E+0	8,80E-01	-7,60E-01	
8,265E+0	8,80E-01	-7,60E-01	
8,27E+0	8,72E-01	-8,00E-01	
8,275E+0	8,76E-01	-7,80E-01	
8,28E+0	8,72E-01	-7,80E-01	
8,285E+0	8,76E-01	-8,20E-01	
8,29E+0	8,72E-01	-8,40E-01	
8,295E+0	8,76E-01	-8,00E-01	
8,3E+0	8,80E-01	-8,20E-01	
8,305E+0	8,80E-01	-8,40E-01	
8,31E+0	8,76E-01	-8,40E-01	
8,315E+0	8,76E-01	-7,60E-01	
8,32E+0	8,68E-01	-8,40E-01	
8,325E+0	8,68E-01	-7,80E-01	
8,33E+0	8,72E-01	-8,40E-01	
8,335E+0	8,72E-01	-8,40E-01	
8,34E+0	8,76E-01	-8,40E-01	
8,345E+0	8,76E-01	-8,20E-01	
8,35E+0	8,80E-01	-7,80E-01	
8,355E+0	8,76E-01	-8,40E-01	
8,36E+0	8,76E-01	-7,80E-01	
8,365E+0	8,72E-01	-8,40E-01	
8,37E+0	8,72E-01	-8,40E-01	
8,375E+0	8,72E-01	-8,60E-01	
8,38E+0	8,72E-01	-8,20E-01	
8,385E+0	8,68E-01	-7,80E-01	
8,39E+0	8,76E-01	-8,20E-01	
8,395E+0	8,76E-01	-8,00E-01	
8,4E+0	8,76E-01	-8,20E-01	
8,405E+0	8,76E-01	-8,60E-01	
8,41E+0	8,76E-01	-8,60E-01	
8,415E+0	8,84E-01	-8,00E-01	
8,42E+0	8,72E-01	-8,20E-01	
8,425E+0	8,68E-01	-8,00E-01	
8,43E+0	8,68E-01	-8,00E-01	
8,435E+0	8,72E-01	-8,40E-01	
8,44E+0	8,72E-01	-8,00E-01	
8,445E+0	8,68E-01	-8,00E-01	
8,45E+0	8,72E-01	-8,00E-01	
8,455E+0	8,72E-01	-8,40E-01	
8,46E+0	8,76E-01	-8,40E-01	
8,465E+0	8,76E-01	-8,40E-01	
8,47E+0	8,76E-01	-8,60E-01	
8,475E+0	8,80E-01	-8,20E-01	
8,48E+0	8,80E-01	-8,40E-01	
8,485E+0	8,76E-01	-8,00E-01	
8,49E+0	8,80E-01	-8,40E-01	
8,495E+0	8,68E-01	-8,20E-01	
8,5E+0	8,68E-01	-8,40E-01	
8,505E+0	8,76E-01	-8,40E-01	
8,51E+0	8,76E-01	-8,20E-01	
8,515E+0	8,80E-01	-8,60E-01	
8,52E+0	8,76E-01	-8,40E-01	
8,525E+0	8,76E-01	-8,80E-01	
8,53E+0	8,80E-01	-8,80E-01	
8,535E+0	8,80E-01	-8,60E-01	
8,54E+0	8,76E-01	-8,20E-01	
8,545E+0	8,80E-01	-8,80E-01	
8,55E+0	8,80E-01	-8,60E-01	
8,555E+0	8,76E-01	-8,80E-01	
8,56E+0	8,76E-01	-8,80E-01	
8,565E+0	8,80E-01	-8,80E-01	
8,57E+0	8,84E-01	-8,80E-01	
8,575E+0	8,76E-01	-9,00E-01	
8,58E+0	8,76E-01	-8,80E-01	
8,585E+0	8,72E-01	-8,40E-01	
8,59E+0	8,72E-01	-8,40E-01	
8,595E+0	8,72E-01	-8,80E-01	
8,6E+0	8,80E-01	-8,60E-01	
8,605E+0	8,76E-01	-8,80E-01	
8,61E+0	8,72E-01	-9,00E-01	
8,615E+0	8,76E-01	-9,00E-01	
8,62E+0	8,76E-01	-9,00E-01	
8,625E+0	8,76E-01	-9,00E-01	
8,63E+0	8,72E-01	-8,80E-01	
8,635E+0	8,64E-01	-8,80E-01	
8,64E+0	8,64E-01	-9,00E-01	
8,645E+0	8,72E-01	-8,40E-01	
8,65E+0	8,72E-01	-9,00E-01	
8,655E+0	8,76E-01	-9,00E-01	
8,66E+0	8,84E-01	-8,60E-01	
8,665E+0	8,80E-01	-8,60E-01	
8,67E+0	8,76E-01	-8,60E-01	
8,675E+0	8,76E-01	-8,60E-01	
8,68E+0	8,76E-01	-9,00E-01	
8,685E+0	8,72E-01	-9,20E-01	
8,69E+0	8,76E-01	-8,60E-01	
8,695E+0	8,72E-01	-9,00E-01	
8,7E+0	8,76E-01	-9,00E-01	
8,705E+0	8,72E-01	-9,20E-01	
8,71E+0	8,80E-01	-9,20E-01	
8,715E+0	8,68E-01	-8,60E-01	
8,72E+0	8,72E-01	-8,80E-01	
8,725E+0	8,72E-01	-8,60E-01	
8,73E+0	8,76E-01	-9,20E-01	
8,735E+0	8,72E-01	-8,60E-01	
8,74E+0	8,80E-01	-9,20E-01	
8,745E+0	8,76E-01	-9,20E-01	
8,75E+0	8,76E-01	-8,60E-01	
8,755E+0	8,76E-01	-9,20E-01	
8,76E+0	8,80E-01	-8,60E-01	
8,765E+0	8,80E-01	-9,40E-01	
8,77E+0	8,76E-01	-8,80E-01	
8,775E+0	8,76E-01	-9,00E-01	
8,78E+0	8,76E-01	-8,80E-01	
8,785E+0	8,72E-01	-9,20E-01	
8,79E+0	8,72E-01	-8,80E-01	
8,795E+0	8,76E-01	-9,20E-01	
8,8E+0	8,72E-01	-8,80E-01	
8,805E+0	8,76E-01	-9,20E-01	
8,81E+0	8,80E-01	-9,00E-01	
8,815E+0	8,76E-01	-8,80E-01	
8,82E+0	8,80E-01	-8,80E-01	
8,825E+0	8,76E-01	-9,40E-01	
8,83E+0	8,76E-01	-9,20E-01	
8,835E+0	8,72E-01	-8,80E-01	
8,84E+0	8,76E-01	-8,80E-01	
8,845E+0	8,76E-01	-8,80E-01	
8,85E+0	8,76E-01	-9,00E-01	
8,855E+0	8,76E-01	-9,20E-01	
8,86E+0	8,84E-01	-9,60E-01	
8,865E+0	8,80E-01	-9,20E-01	
8,87E+0	8,84E-01	-9,20E-01	
8,875E+0	8,68E-01	-9,60E-01	
8,88E+0	8,76E-01	-9,40E-01	
8,885E+0	8,72E-01	-8,80E-01	
8,89E+0	8,80E-01	-9,40E-01	
8,895E+0	8,76E-01	-9,40E-01	
8,9E+0	8,76E-01	-8,80E-01	
8,905E+0	8,72E-01	-8,80E-01	
8,91E+0	8,68E-01	-9,40E-01	
8,915E+0	8,68E-01	-9,80E-01	
8,92E+0	8,68E-01	-9,40E-01	
8,925E+0	8,72E-01	-9,00E-01	
8,93E+0	8,76E-01	-9,20E-01	
8,935E+0	8,80E-01	-9,60E-01	
8,94E+0	8,76E-01	-9,00E-01	
8,945E+0	8,80E-01	-9,60E-01	
8,95E+0	8,72E-01	-9,60E-01	
8,955E+0	8,68E-01	-9,00E-01	
8,96E+0	8,76E-01	-9,60E-01	
8,965E+0	8,76E-01	-9,20E-01	
8,97E+0	8,76E-01	-9,60E-01	
8,975E+0	8,72E-01	-9,00E-01	
8,98E+0	8,64E-01	-9,20E-01	
8,985E+0	8,72E-01	-9,60E-01	
8,99E+0	8,72E-01	-9,00E-01	
8,995E+0	8,72E-01	-9,60E-01	
9,E+0	8,68E-01	-9,40E-01	
9,005E+0	8,76E-01	-9,40E-01	
9,01E+0	8,68E-01	-9,20E-01	
9,015E+0	8,64E-01	-9,20E-01	
9,02E+0	8,72E-01	-9,80E-01	
9,025E+0	8,76E-01	-9,20E-01	
9,03E+0	8,80E-01	-9,20E-01	
9,035E+0	8,80E-01	-9,20E-01	
9,04E+0	8,80E-01	-9,40E-01	
9,045E+0	8,88E-01	-9,80E-01	
9,05E+0	8,88E-01	-9,20E-01	
9,055E+0	8,84E-01	-9,60E-01	
9,06E+0	8,80E-01	-9,80E-01	
9,065E+0	8,84E-01	-9,40E-01	
9,07E+0	8,88E-01	-9,20E-01	
9,075E+0	8,80E-01	-9,60E-01	
9,08E+0	8,76E-01	-9,80E-01	
9,085E+0	8,76E-01	-1,00E+00	
9,09E+0	8,72E-01	-1,00E+00	
9,095E+0	8,80E-01	-9,80E-01	
9,1E+0	8,76E-01	-9,40E-01	
9,105E+0	8,76E-01	-9,60E-01	
9,11E+0	8,80E-01	-9,40E-01	
9,115E+0	8,80E-01	-9,60E-01	
9,12E+0	8,84E-01	-9,40E-01	
9,125E+0	8,80E-01	-1,00E+00	
9,13E+0	8,84E-01	-1,00E+00	
9,135E+0	8,76E-01	-1,00E+00	
9,14E+0	8,80E-01	-9,80E-01	
9,145E+0	8,80E-01	-1,00E+00	
9,15E+0	8,80E-01	-9,40E-01	
9,155E+0	8,76E-01	-9,40E-01	
9,16E+0	8,76E-01	-9,60E-01	
9,165E+0	8,80E-01	-9,60E-01	
9,17E+0	8,80E-01	-1,02E+00	
9,175E+0	8,76E-01	-9,60E-01	
9,18E+0	8,80E-01	-1,02E+00	
9,185E+0	8,84E-01	-1,00E+00	
9,19E+0	8,84E-01	-9,80E-01	
9,195E+0	8,84E-01	-1,02E+00	
9,2E+0	8,80E-01	-1,02E+00	
9,205E+0	8,72E-01	-9,80E-01	
9,21E+0	8,84E-01	-9,60E-01	
9,215E+0	8,80E-01	-9,60E-01	
9,22E+0	8,80E-01	-1,02E+00	
9,225E+0	8,76E-01	-9,80E-01	
9,23E+0	8,80E-01	-9,80E-01	
9,235E+0	8,84E-01	-1,02E+00	
9,24E+0	8,84E-01	-9,80E-01	
9,245E+0	8,84E-01	-1,04E+00	
9,25E+0	8,84E-01	-1,04E+00	
9,255E+0	8,80E-01	-1,00E+00	
9,26E+0	8,84E-01	-1,04E+00	
9,265E+0	8,76E-01	-9,60E-01	
9,27E+0	8,72E-01	-1,02E+00	
9,275E+0	8,76E-01	-1,00E+00	
9,28E+0	8,72E-01	-9,80E-01	
9,285E+0	8,76E-01	-1,02E+00	
9,29E+0	8,80E-01	-1,00E+00	
9,295E+0	8,80E-01	-1,04E+00	
9,3E+0	8,76E-01	-1,04E+00	
9,305E+0	8,84E-01	-9,80E-01	
9,31E+0	8,76E-01	-1,04E+00	
9,315E+0	8,80E-01	-1,00E+00	
9,32E+0	8,76E-01	-1,00E+00	
9,325E+0	8,84E-01	-9,80E-01	
9,33E+0	8,80E-01	-9,80E-01	
9,335E+0	8,80E-01	-1,02E+00	
9,34E+0	8,88E-01	-1,02E+00	
9,345E+0	8,84E-01	-1,04E+00	
9,35E+0	8,84E-01	-1,02E+00	
9,355E+0	8,72E-01	-9,80E-01	
9,36E+0	8,84E-01	-1,06E+00	
9,365E+0	8,84E-01	-1,06E+00	
9,37E+0	8,76E-01	-1,00E+00	
9,375E+0	8,76E-01	-1,04E+00	
9,38E+0	8,72E-01	-1,04E+00	
9,385E+0	8,76E-01	-1,00E+00	
9,39E+0	8,80E-01	-1,06E+00	
9,395E+0	8,80E-01	-1,02E+00	
9,4E+0	8,76E-01	-1,04E+00	
9,405E+0	8,80E-01	-9,80E-01	
9,41E+0	8,76E-01	-1,08E+00	
9,415E+0	8,80E-01	-1,04E+00	
9,42E+0	8,72E-01	-1,00E+00	
9,425E+0	8,76E-01	-1,06E+00	
9,43E+0	8,80E-01	-1,08E+00	
9,435E+0	8,80E-01	-1,00E+00	
9,44E+0	8,76E-01	-1,08E+00	
9,445E+0	8,84E-01	-1,04E+00	
9,45E+0	8,84E-01	-1,00E+00	
9,455E+0	8,84E-01	-1,04E+00	
9,46E+0	8,88E-01	-1,06E+00	
9,465E+0	8,84E-01	-1,02E+00	
9,47E+0	8,76E-01	-1,06E+00	
9,475E+0	8,76E-01	-1,08E+00	
9,48E+0	8,76E-01	-1,08E+00	
9,485E+0	8,76E-01	-1,08E+00	
9,49E+0	8,84E-01	-1,02E+00	
9,495E+0	8,84E-01	-1,02E+00	
9,5E+0	8,80E-01	-1,08E+00	
9,505E+0	8,76E-01	-1,04E+00	
9,51E+0	8,88E-01	-1,10E+00	
9,515E+0	8,80E-01	-1,02E+00	
9,52E+0	8,76E-01	-1,02E+00	
9,525E+0	8,76E-01	-1,06E+00	
9,53E+0	8,72E-01	-1,04E+00	
9,535E+0	8,80E-01	-1,06E+00	
9,54E+0	8,80E-01	-1,08E+00	
9,545E+0	8,76E-01	-1,04E+00	
9,55E+0	8,80E-01	-1,06E+00	
9,555E+0	8,76E-01	-1,04E+00	
9,56E+0	8,72E-01	-1,10E+00	
9,565E+0	8,72E-01	-1,04E+00	
9,57E+0	8,80E-01	-1,08E+00	
9,575E+0	8,80E-01	-1,10E+00	
9,58E+0	8,76E-01	-1,10E+00	
9,585E+0	8,80E-01	-1,10E+00	
9,59E+0	8,76E-01	-1,08E+00	
9,595E+0	8,76E-01	-1,04E+00	
9,6E+0	8,76E-01	-1,12E+00	
9,605E+0	8,76E-01	-1,04E+00	
9,61E+0	8,76E-01	-1,10E+00	
9,615E+0	8,80E-01	-1,04E+00	
9,62E+0	8,84E-01	-1,08E+00	
9,625E+0	8,88E-01	-1,04E+00	
9,63E+0	8,84E-01	-1,08E+00	
9,635E+0	8,88E-01	-1,06E+00	
9,64E+0	8,88E-01	-1,06E+00	
9,645E+0	8,92E-01	-1,12E+00	
9,65E+0	8,88E-01	-1,08E+00	
9,655E+0	8,84E-01	-1,06E+00	
9,66E+0	8,80E-01	-1,10E+00	
9,665E+0	8,80E-01	-1,12E+00	
9,67E+0	8,76E-01	-1,06E+00	
9,675E+0	8,84E-01	-1,06E+00	
9,68E+0	8,84E-01	-1,06E+00	
9,685E+0	8,84E-01	-1,12E+00	
9,69E+0	8,84E-01	-1,06E+00	
9,695E+0	8,72E-01	-1,10E+00	
9,7E+0	8,76E-01	-1,06E+00	
9,705E+0	8,76E-01	-1,06E+00	
9,71E+0	8,76E-01	-1,08E+00	
9,715E+0	8,80E-01	-1,06E+00	
9,72E+0	8,84E-01	-1,06E+00	
9,725E+0	8,80E-01	-1,14E+00	
9,73E+0	8,84E-01	-1,06E+00	
9,735E+0	8,76E-01	-1,14E+00	
9,74E+0	8,80E-01	-1,06E+00	
9,745E+0	8,76E-01	-1,08E+00	
9,75E+0	8,84E-01	-1,06E+00	
9,755E+0	8,80E-01	-1,12E+00	
9,76E+0	8,80E-01	-1,08E+00	
9,765E+0	8,84E-01	-1,10E+00	
9,77E+0	8,80E-01	-1,08E+00	
9,775E+0	8,84E-01	-1,06E+00	
9,78E+0	8,80E-01	-1,10E+00	
9,785E+0	8,80E-01	-1,06E+00	
9,79E+0	8,88E-01	-1,10E+00	
9,795E+0	8,88E-01	-1,08E+00	
9,8E+0	8,84E-01	-1,14E+00	
9,805E+0	8,80E-01	-1,14E+00	
9,81E+0	8,76E-01	-1,08E+00	
9,815E+0	8,76E-01	-1,12E+00	
9,82E+0	8,76E-01	-1,08E+00	
9,825E+0	8,76E-01	-1,12E+00	
9,83E+0	8,68E-01	-1,12E+00	
9,835E+0	8,80E-01	-1,06E+00	
9,84E+0	8,80E-01	-1,10E+00	
9,845E+0	8,76E-01	-1,08E+00	
9,85E+0	8,80E-01	-1,08E+00	
9,855E+0	8,80E-01	-1,08E+00	
9,86E+0	8,80E-01	-1,12E+00	
9,865E+0	8,80E-01	-1,06E+00	
9,87E+0	8,76E-01	-1,12E+00	
9,875E+0	8,80E-01	-1,08E+00	
9,88E+0	8,80E-01	-1,08E+00	
9,885E+0	8,76E-01	-1,10E+00	
9,89E+0	8,80E-01	-1,08E+00	
9,895E+0	8,76E-01	-1,08E+00	
9,9E+0	8,76E-01	-1,08E+00	
9,905E+0	8,76E-01	-1,08E+00	
9,91E+0	8,84E-01	-1,08E+00	
9,915E+0	8,80E-01	-1,08E+00	
9,92E+0	8,80E-01	-1,12E+00	
9,925E+0	8,84E-01	-1,06E+00	
9,93E+0	8,88E-01	-1,12E+00	
9,935E+0	8,80E-01	-1,12E+00	
9,94E+0	8,80E-01	-1,08E+00	
9,945E+0	8,72E-01	-1,08E+00	
9,95E+0	8,72E-01	-1,08E+00	
9,955E+0	8,84E-01	-1,10E+00	
9,96E+0	8,76E-01	-1,12E+00	
9,965E+0	8,72E-01	-1,14E+00	
9,97E+0	8,76E-01	-1,08E+00	
9,975E+0	8,72E-01	-1,08E+00	
9,98E+0	8,76E-01	-1,14E+00	
9,985E+0	8,76E-01	-1,10E+00	
9,99E+0	8,80E-01	-1,10E+00	
9,995E+0	8,80E-01	-1,10E+00	
1,0E+1	8,80E-01	-1,14E+00	
1,0005E+1	8,80E-01	-1,10E+00	
1,001E+1	8,84E-01	-1,14E+00	
1,0015E+1	8,80E-01	-1,10E+00	
1,002E+1	8,80E-01	-1,14E+00	
1,0025E+1	8,80E-01	-1,08E+00	
1,003E+1	8,80E-01	-1,08E+00	
1,0035E+1	8,88E-01	-1,12E+00	
1,004E+1	8,76E-01	-1,10E+00	
1,0045E+1	8,76E-01	-1,14E+00	
1,005E+1	8,76E-01	-1,08E+00	
1,0055E+1	8,88E-01	-1,08E+00	
1,006E+1	8,84E-01	-1,14E+00	
1,0065E+1	8,88E-01	-1,10E+00	
1,007E+1	8,88E-01	-1,10E+00	
1,0075E+1	8,84E-01	-1,12E+00	
1,008E+1	8,76E-01	-1,08E+00	
1,0085E+1	8,76E-01	-1,14E+00	
1,009E+1	8,76E-01	-1,12E+00	
1,0095E+1	8,76E-01	-1,10E+00	
1,01E+1	8,76E-01	-1,08E+00	
1,0105E+1	8,80E-01	-1,12E+00	
1,011E+1	8,80E-01	-1,12E+00	
1,0115E+1	8,80E-01	-1,08E+00	
1,012E+1	8,84E-01	-1,12E+00	
1,0125E+1	8,84E-01	-1,08E+00	
1,013E+1	8,80E-01	-1,06E+00	
1,0135E+1	8,84E-01	-1,08E+00	
1,014E+1	8,84E-01	-1,08E+00	
1,0145E+1	8,84E-01	-1,10E+00	
1,015E+1	8,76E-01	-1,08E+00	
1,0155E+1	8,72E-01	-1,08E+00	
1,016E+1	8,72E-01	-1,10E+00	
1,0165E+1	8,76E-01	-1,12E+00	
1,017E+1	8,80E-01	-1,06E+00	
1,0175E+1	8,80E-01	-1,10E+00	
1,018E+1	8,80E-01	-1,08E+00	
1,0185E+1	8,84E-01	-1,12E+00	
1,019E+1	8,80E-01	-1,14E+00	
1,0195E+1	8,76E-01	-1,12E+00	
1,02E+1	8,72E-01	-1,08E+00	
1,0205E+1	8,76E-01	-1,08E+00	
1,021E+1	8,76E-01	-1,10E+00	
1,0215E+1	8,84E-01	-1,12E+00	
1,022E+1	8,80E-01	-1,14E+00	
1,0225E+1	8,80E-01	-1,14E+00	
