Vernier Format 2
Bandlücke-Ge2.cmbl 05.11.2009 10:47:19 ,
Latest
Time	Winkel	Pyro	Sample	Wellenlänge	Energie
t	Pot	Pot	Pot	Lambda	E
s	°	V	V	nm	eV

0	-90,183977238	0,00610501	0,029304	-3305,46012715	-0,374834350541
0,5	-90,24918026	0,00610501	0,025641	-3305,44590807	-0,374835962971
1	-90,183977238	0,00610501	0,021978	-3305,46012715	-0,374834350541
1,5	-90,24918026	0,00610501	0,023199	-3305,44590807	-0,374835962971
2	-90,24918026	0,00610501	0,013431	-3305,44590807	-0,374835962971
2,5	-90,24918026	0,00610501	0,026862	-3305,44590807	-0,374835962971
3	-89,92316515	0,00610501	0,020757	-3305,47419564	-0,374832755202
3,5	-89,727021633	0,00610501	0,028083	-3305,43965199	-0,374836672409
4	-89,401006523	0,00610501	0,032967	-3305,29653397	-0,374852902687
4,5	-88,878847896	0,00610501	0,025641	-3304,84435668	-0,374904191024
5	-88,618035808	0,00610501	0,025641	-3304,51570736	-0,374941476973
5,5	-88,161080203	0,00610501	0,028083	-3303,77482432	-0,375025558909
6	-87,76932762	0,00610501	0,00732601	-3302,972353	-0,375116672979
6,5	-87,638921576	0,00610501	0,01221	-3302,6709701	-0,375150903986
7	-86,986356905	0,00610501	0,015873	-3300,90583955	-0,375351512653
7,5	-86,725544817	0,00610501	0,021978	-3300,08058565	-0,375445377118
8	-86,20338619	0,00610501	0,029304	-3298,22291258	-0,375656840923
8,5	-85,942039651	0,00610501	0,028083	-3297,19025154	-0,375774494487
9	-85,681227563	0,00610501	0,020757	-3296,09131138	-0,375899780362
9,5	-85,159068936	0,00610501	0,026862	-3293,68595907	-0,376174296941
10	-84,898256848	0,00610501	0,013431	-3292,38205875	-0,376323275334
10,5	-84,376098221	0,00488401	0,00732601	-3289,56660134	-0,376645360971
11	-84,050083111	0,00610501	0,01221	-3287,67018327	-0,376862620315
11,5	-83,593127506	0,00488401	0,00732601	-3284,8329476	-0,377188130954
12	-83,266577945	0,00610501	0,017094	-3282,6773866	-0,377435810494
12,5	-83,070968879	0,00610501	0,025641	-3281,33509479	-0,377590207708
13	-82,48360723	0,00610501	0,023199	-3277,07477669	-0,378081088906
13,5	-82,222795142	0,00610501	0,029304	-3275,07258407	-0,378312226124
14	-81,635433493	0,00610501	0,018315	-3270,31510841	-0,378862574073
14,5	-81,439824427	0,00610501	0,00610501	-3268,65441441	-0,379055061477
15	-81,113274866	0,00610501	0,01221	-3265,79717576	-0,379386695902
15,5	-80,656319261	0,00610501	0,00976801	-3261,62084805	-0,379872479886
16	-80,330304151	0,00610501	0,00732601	-3258,51442399	-0,380234621912
16,5	-79,873348546	0,00610501	0,019536	-3253,98279391	-0,380764152262
17	-79,547333436	0,00610501	0,018315	-3250,6231749	-0,381157683723
17,5	-79,351189919	0,00610501	0,010989	-3248,55118197	-0,381400793952
18	-78,698625248	0,00610501	0,032967	-3241,38382255	-0,382244148743
18,5	-78,503016182	0,00610501	0,026862	-3239,15342442	-0,382507352279
19	-77,980857555	0,00610501	0,017094	-3233,0147721	-0,383233634035
19,5	-77,720045467	0,00610501	0,030525	-3229,84800003	-0,383609383472
20	-77,19788684	0,00610501	0,015873	-3223,30691442	-0,384387845432
20,5	-76,937074752	0,00610501	0,01221	-3219,93943151	-0,384789846627
21	-76,610525191	0,00610501	0,018315	-3215,62912106	-0,385305628652
21,5	-76,153569586	0,00610501	0,010989	-3209,42219032	-0,386050798719
22	-75,827554476	0,00610501	0,015873	-3204,86905378	-0,386599258568
22,5	-75,305395849	0,00488401	0,023199	-3197,36045122	-0,387507138749
23	-75,044583761	0,00610501	0,021978	-3193,51050697	-0,387974298909
23,5	-74,783237222	0,00488401	0,029304	-3189,58629747	-0,388451631167
24	-74,195875573	0,00488401	0,035409	-3180,52481233	-0,389558350621
24,5	-74,000266507	0,00610501	0,029304	-3177,43282616	-0,389937433074
25	-73,609048375	0,00610501	0,040293	-3171,13778625	-0,39071149963
25,5	-73,217295792	0,00610501	0,046398	-3164,68599878	-0,391508036019
26	-72,890746231	0,00488401	0,032967	-3159,19496899	-0,392188520228
26,5	-72,369122055	0,00610501	0,031746	-3150,21089162	-0,393307001539
27	-72,107775516	0,00610501	0,021978	-3145,61142038	-0,393882089813
27,5	-71,846963428	0,00610501	0,018315	-3140,95610815	-0,394465875147
28	-71,324804801	0,00610501	0,021978	-3131,44045805	-0,395664556487
28,5	-71,063992713	0,00610501	0,015873	-3126,59005706	-0,396278366331
29	-70,541834086	0,00610501	0,023199	-3116,6847283	-0,397537803151
29,5	-70,280487547	0,00610501	0,032967	-3111,62974082	-0,398183621832
30	-69,693660349	0,00610501	0,018315	-3100,0435508	-0,399671804508
30,5	-69,43231381	0,00610501	0,028083	-3094,77884505	-0,400351709131
31	-69,171501722	0,00610501	0,02442	-3089,46071308	-0,40104086605
31,5	-68,649343095	0,00610501	0,020757	-3078,62128559	-0,402452879085
32	-68,388531007	0,00610501	0,021978	-3073,11130933	-0,403174462389
32,5	-67,996778424	0,00488401	0,00976801	-3064,71543338	-0,404278970408
33	-67,539822819	0,00488401	0,00732601	-3054,74115374	-0,405599014005
33,5	-67,344213753	0,00610501	0,017094	-3050,41203524	-0,406174636635
34	-66,756852104	0,00488401	0,00732601	-3037,19939078	-0,407941606916
34,5	-66,561243038	0,00610501	0,00976801	-3032,72826576	-0,408543031695
35	-66,234693477	0,00610501	0,030525	-3025,18543997	-0,409561669718
35,5	-65,778272323	0,00610501	0,019536	-3014,47816244	-0,411016412538
36	-65,451722762	0,00610501	0,025641	-3006,70013975	-0,412079669542
36,5	-64,929564135	0,00610501	0,031746	-2994,06010424	-0,41381934793
37	-64,668752047	0,00610501	0,020757	-2987,6533662	-0,414706744101
37,5	-64,407405508	0,00610501	0,028083	-2981,1714023	-0,415608441381
38	-63,885781332	0,00610501	0,017094	-2968,04867613	-0,417445983943
38,5	-63,624434793	0,00488401	0,00610501	-2961,38129598	-0,418385839636
39	-63,102276166	0,00610501	0,014652	-2947,87578172	-0,420302649007
39,5	-62,841464078	0,00610501	0,00976801	-2941,0381792	-0,421279808185
40	-62,515448968	0,00610501	0,00854701	-2932,4054944	-0,422520010403
40,5	-61,993290341	0,00610501	0,029304	-2918,38136081	-0,424550408881
41	-61,731943802	0,00610501	0,021978	-2911,27102628	-0,425587308366
41,5	-61,210319626	0,00610501	0,025641	-2896,89849003	-0,427698797271
42	-60,948973087	0,00610501	0,031746	-2889,6071353	-0,428778010984
42,5	-60,753364021	0,00610501	0,020757	-2884,11045473	-0,429595197358
43	-60,166002372	0,00610501	0,021978	-2867,40363702	-0,432098217357
43,5	-59,905190284	0,00610501	0,031746	-2859,88842556	-0,433233684547
44	-59,383031657	0,00610501	0,00732601	-2844,66467774	-0,435552214535
44,5	-59,121685118	0,00610501	0,017094	-2836,95621501	-0,436735679404
45	-58,795670008	0,00610501	0,015873	-2827,25761907	-0,438233853061
45,5	-58,338714403	0,00610501	0,00610501	-2813,50969014	-0,440375238209
46	-58,012699293	0,00610501	0,018315	-2803,59179065	-0,441933096014
46,5	-57,490540666	0,00610501	0,01221	-2787,51791304	-0,444481448605
47	-57,229194127	0,00610501	0,00854701	-2779,3857282	-0,445781953699
47,5	-56,968382039	0,00610501	0,023199	-2771,212523	-0,447096709371
48	-56,446223412	0,00610501	0,018315	-2754,67697474	-0,449780504706
48,5	-56,185411324	0,00610501	0,014652	-2746,3318992	-0,451147219446
49	-55,598049675	0,00610501	0,028083	-2727,33025939	-0,454290416693
49,5	-55,402440609	0,00610501	0,018315	-2720,93842343	-0,455357603587
50	-55,075891048	0,010989	0,02442	-2710,19727325	-0,457162293029
50,5	-54,618935443	0,015873	0,035409	-2695,01898497	-0,459737021116
51	-54,292920333	0,01221	0,017094	-2684,08519658	-0,461609788533
51,5	-53,90116775	0,026862	0,014652	-2670,83180619	-0,463900421258
52	-53,509949618	0,041514	0,023199	-2657,47189193	-0,466232588861
52,5	-53,248603079	0,0622711	0,010989	-2648,47796347	-0,467815861446
53	-52,726978903	0,0634921	0,019536	-2630,36232908	-0,471037767802
53,5	-52,465632364	0,0610501	0,013431	-2621,20387775	-0,47268356747
54	-52,204820276	0,0598291	0,00610501	-2612,00978577	-0,474347380608
54,5	-51,682661649	0,0732601	0,021978	-2593,44030654	-0,477743789543
55	-51,356112088	0,0757021	0,013431	-2581,7176833	-0,479913047044
55,5	-50,834487912	0,106227	0,00732601	-2562,81837177	-0,483452129752
56	-50,573141373	0,119658	0,018315	-2553,26937996	-0,485260196094
56,5	-50,377532307	0,151404	0,021978	-2546,08751054	-0,486628992472
57	-49,790170658	0,177045	0,014652	-2524,34427727	-0,490820531556
57,5	-49,594561592	0,188034	0,02442	-2517,04412922	-0,492244051511
58	-49,268012031	0,205128	0,030525	-2504,79194428	-0,494651862335
58,5	-48,745853404	0,213675	0,015873	-2485,03158017	-0,498585213116
59	-48,419838294	0,241758	0,019536	-2472,58922975	-0,501094150656
59,5	-47,962882689	0,2442	0,021978	-2455,01489358	-0,504681256003
60	-47,636867579	0,261294	0,00854701	-2442,38096619	-0,507291866891
60,5	-47,37552104	0,272283	0,018315	-2432,19599026	-0,50941618396
61	-46,853362413	0,283272	0,017094	-2411,69552491	-0,513746444029
61,5	-46,592550325	0,311355	0,00610501	-2401,38066704	-0,51595318352
62	-46,13559472	0,321123	0,010989	-2383,18869673	-0,519891690364
62,5	-45,80957961	0,346764	0,013431	-2370,11690827	-0,522759023268
63	-45,548233071	0,356532	0,00976801	-2359,58261454	-0,525092867003
63,5	-45,026608895	0,372405	0,023199	-2338,41055219	-0,529847078752
64	-44,700059334	0,384615	0,020757	-2325,05756322	-0,532890032316
64,5	-44,504450268	0,398046	0,017094	-2317,02268454	-0,534737967076
65	-43,917088619	0,41514	0,031746	-2292,73417737	-0,540402813474
65,5	-43,656276531	0,426129	0,02442	-2281,8717072	-0,542975311053
66	-43,394929992	0,43956	0,026862	-2270,93955006	-0,545589159326
66,5	-42,872771365	0,445665	0,030525	-2248,95631384	-0,550922217731
67	-42,546756255	0,461538	0,02442	-2235,13602117	-0,554328679895
67,5	-42,351147189	0,471306	0,015873	-2226,80908128	-0,556401539053
68	-41,76378554	0,499389	0,029304	-2201,64992507	-0,562759767524
68,5	-41,567642023	0,517705	0,013431	-2193,19661341	-0,56492883147
69	-40,980814825	0,549451	0,00976801	-2167,75269129	-0,571559664061
69,5	-40,719468286	0,578755	0,021978	-2156,34776208	-0,574582644687
70	-40,458656198	0,608059	0,00732601	-2144,92142834	-0,577643536788
70,5	-39,936497571	0,630037	0,00854701	-2121,9120227	-0,583907337697
71	-39,675151032	0,652015	0,01221	-2110,32924718	-0,58711217771
71,5	-39,414338944	0,672772	0,00610501	-2098,72638536	-0,590358042213
72	-38,826977295	0,710623	0,015873	-2072,43729217	-0,597846798395
72,5	-38,631368229	0,716728	0,023199	-2063,63375439	-0,600397234908
73	-38,304818668	0,737485	0,018315	-2048,88359613	-0,60471956647
73,5	-37,783194492	0,770452	0,021978	-2025,18410233	-0,611796230562
74	-37,521847953	0,787546	0,021978	-2013,24683245	-0,615423792072
74,5	-37,261035865	0,809524	0,019536	-2001,29221488	-0,619099994886
75	-36,673674216	0,825397	0,034188	-1974,21835463	-0,627590153385
75,5	-36,47806515	0,840049	0,041514	-1965,15575295	-0,63048437669
76	-35,955906523	0,847375	0,045177	-1940,85216466	-0,638379379202
76,5	-35,629356962	0,833944	0,0805861	-1925,57103893	-0,64344548965
77	-35,368544874	0,819292	0,100122	-1913,32119444	-0,647565084002
77,5	-34,911589269	0,818071	0,120879	-1891,7634377	-0,654944468904
78	-34,650777181	0,80464	0,167277	-1879,40510041	-0,65925116396
78,5	-34,063415532	0,770452	0,214896	-1851,4313047	-0,669211975001
79	-33,802068993	0,753358	0,278388	-1838,92164338	-0,673764433878
79,5	-33,541256905	0,717949	0,374847	-1826,39942079	-0,678383920787
80	-33,019098278	0,677656	0,471306	-1801,21584847	-0,68786869772
80,5	-32,75828619	0,619048	0,587302	-1788,58079709	-0,692728000893
81	-32,431736629	0,543346	0,705739	-1772,70887233	-0,698930331619
81,5	-31,975315475	0,448107	0,786325	-1750,42817252	-0,707826816003
82	-31,713968936	0,371184	0,871795	-1737,62015206	-0,713044216559
82,5	-31,453156848	0,285714	0,953602	-1724,80228167	-0,718343205578
83	-30,865795199	0,21978	0,992674	-1695,80534017	-0,730626311079
83,5	-30,670186133	0,156288	1,03663	-1686,1087793	-0,734828034354
84	-30,343636572	0,0940171	1,06349	-1669,87761882	-0,741970540855
84,5	-29,821477945	0,0525031	1,05006	-1643,8112087	-0,753736191504
85	-29,560665857	0,00976801	1,0293	-1630,74008136	-0,759777731693
85,5	-29,299853769	0,00610501	0,953602	-1617,63516356	-0,765932904965
86	-28,777695142	0,00610501	0,809524	-1591,29801834	-0,778609654333
86,5	-28,516348603	0,00610501	0,627595	-1578,06620138	-0,785138163987
87	-28,190333493	0,00610501	0,383394	-1561,51426087	-0,793460572888
87,5	-27,668174866	0,00610501	0,177045	-1534,8989151	-0,807219281874
88	-27,407362778	0,00610501	0,103785	-1521,5569855	-0,814297467535
88,5	-26,885204151	0,00488401	0,0720391	-1494,75131857	-0,828900422839
89	-26,623857612	0,00610501	0,0549451	-1481,28800962	-0,836434232882
89,5	-26,363045524	0,00610501	0,0720391	-1467,82150768	-0,844108083659
90	-25,775683875	0,00488401	0,0598291	-1437,38333552	-0,861983000207
90,5	-25,580074809	0,00610501	0,0622711	-1427,21282233	-0,868125608611
91	-25,253525248	0,00610501	0,0683761	-1410,19717269	-0,878600541823
91,5	-24,797104094	0,00610501	0,0549451	-1386,33761823	-0,893721690665
92	-24,470554533	0,00488401	0,0659341	-1369,21306579	-0,904899340327
92,5	-24,209742445	0,00610501	0,0769231	-1355,50387181	-0,9140512438
93	-23,687583818	0,00610501	0,0573871	-1327,97327107	-0,933000706412
93,5	-23,42677173	0,00610501	0,0647131	-1314,18061358	-0,942792784493
94	-23,165425191	0,00610501	0,0610501	-1300,33237783	-0,952833307182
94,5	-22,643266564	0,00610501	0,047619	-1272,58348775	-0,973609992527
95	-22,382454476	0,00610501	0,0512821	-1258,68351895	-0,984361820382
95,5	-22,121642388	0,00610501	0,0500611	-1244,75746905	-0,995374625828
96	-21,534280739	0,00610501	0,039072	-1213,30131226	-1,02118079613
96,5	-21,338137222	0,00610501	0,029304	-1202,76828197	-1,03012360616
97	-21,012122112	0,00610501	0,031746	-1185,2299407	-1,04536677437
97,5	-20,555166507	0,00610501	0,018315	-1160,58305265	-1,06756685544
98	-20,229151397	0,00610501	0,039072	-1142,95351012	-1,08403359282
98,5	-19,967804858	0,00610501	0,025641	-1128,79422557	-1,09763141229
99	-19,445646231	0,00610501	0,00732601	-1100,43456917	-1,12591882763
99,5	-19,184834143	0,00610501	0,031746	-1086,23488091	-1,14063728
100	-18,924022055	0,00610501	0,01221	-1072,01268485	-1,155769906
100,5	-18,401863428	0,00610501	0,00732601	-1043,47269198	-1,18738133688
101	-18,075313867	0,00610501	0,019536	-1025,58004485	-1,20809682893
101,5	-17,879704801	0,00610501	0,014652	-1014,8460353	-1,22087484889
102	-17,292343152	0,00610501	0,00976801	-982,544096758	-1,2610121053
102,5	-17,031531064	0,00610501	0,023199	-968,167436319	-1,27973731973
103	-16,770184525	0,00610501	0,014652	-953,74119267	-1,2990945652
103,5	-16,248560349	0,00610501	0,01221	-924,888678995	-1,33962067883
104	-15,922010788	0,00610501	0,02442	-906,787127739	-1,3663625807
104,5	-15,726401722	0,00610501	0,018315	-895,929828436	-1,38292080549
105	-15,139040073	0,00610501	0,017094	-863,266018918	-1,43524704187
105,5	-14,943431007	0,00732601	0,031746	-852,36768262	-1,45359804843
106	-14,616881446	0,00610501	0,019536	-834,151938934	-1,48534090993
106,5	-14,094722819	0,00610501	0,019536	-804,968579919	-1,53919051117
107	-13,833910731	0,00610501	0,028083	-790,36664743	-1,56762687802
107,5	-13,572564192	0,00610501	0,020757	-775,718365645	-1,59722916831
108	-13,050940016	0,00610501	0,021978	-746,433762295	-1,65989276288
108,5	-12,789593477	0,00610501	0,032967	-731,738040386	-1,69322890381
109	-12,528781389	0,00610501	0,031746	-717,057193035	-1,72789564352
109,5	-12,006622762	0,00610501	0,031746	-687,621069843	-1,80186450698
110	-11,680607652	0,00610501	0,028083	-669,21320844	-1,8514278923
110,5	-11,484464135	0,00610501	0,02442	-658,127837484	-1,8826129658
111	-10,897102486	0,00610501	0,019536	-624,886522544	-1,9827599977
111,5	-10,636290398	0,00610501	0,028083	-610,104786038	-2,03079868959
112	-10,309740837	0,00610501	0,00732601	-591,579538172	-2,09439292615
112,5	-9,788116661	0,00610501	0,010989	-561,948037833	-2,20483019173
113	-9,526770122	0,00610501	0,021978	-547,084259974	-2,26473340699
113,5	-9,265958034	0,00488401	0,00854701	-532,239530464	-2,32789924288
114	-8,743799407	0,00610501	0,014652	-502,486818871	-2,46573632077
114,5	-8,482987319	0,00610501	0,019536	-487,609906531	-2,54096560264
115	-8,22164078	0,00610501	0,00610501	-472,692374113	-2,62115504259
115,5	-7,699482153	0,00610501	0,014652	-442,858670716	-2,7977322833
116	-7,373467043	0,00610501	0,015873	-424,212882343	-2,92070338165
116,5	-6,916511438	0,00610501	0,00610501	-398,055231112	-3,1126333814
117	-6,590496328	0,00610501	0,018315	-379,377474337	-3,26587655781
117,5	-6,329149789	0,00610501	0,015873	-364,395750882	-3,40014941722
118	-5,807525613	0,00610501	0,010989	-334,471221111	-3,7043545806
118,5	-5,546179074	0,00610501	0,018315	-319,467716433	-3,878326154
119	-5,220163964	0,00610501	0,021978	-300,742406818	-4,11980476286
119,5	-4,698005337	0,00610501	0,017094	-270,73118121	-4,57649537989
120	-4,436658798	0,00610501	0,030525	-255,701610203	-4,845491583
120,5	-3,915034622	0,00610501	0,025641	-225,688343314	-5,48987148298
121	-3,653688083	0,00610501	0,025641	-210,643769077	-5,88196843149
121,5	-3,392875995	0,00610501	0,037851	-195,625591419	-6,33352717818
122	-3,131529456	0,00610501	0,026862	-180,572573006	-6,86150714571
122,5	-2,544702258	0,00610501	0,031746	-146,759328814	-8,44239347517
123	-2,283355719	0,00610501	0,040293	-131,695259034	-9,40808354899
123,5	-1,892137587	0,00610501	0,037851	-109,140339422	-11,3523561184
124	-1,500385004	0,00610501	0,035409	-86,5495087845	-14,3155058579
124,5	-1,304775938	0,100122	0,301587	-75,2679227794	-16,4611956096
125	-0,782617311	1,36874	1,42857	-45,1489312617	-27,4425100523
125,5	-0,45606775	4,99878	2,79976	-26,3109364791	-47,0906841717
126	-0,195255662	5	3,57387	-11,2645623965	-109,990957162
126,5	0,326902965	4,99878	3,08547	18,8594069832	65,6966574349
127	0,587715053	5	1,89011	33,9055448453	36,5426954693
127,5	0,849061592	1,35409	0,717949	48,9818100278	25,2951044336
128	1,436423241	0,167277	0,128205	82,8606732699	14,9528111601
128,5	1,697235329	0,00610501	0,039072	97,9016646594	12,6555560042
129	1,958047417	0,00610501	0,034188	112,940627435	10,9703658298
129,5	2,480206044	0,00610501	0,014652	143,042025086	8,66179012258
130	2,741552583	0,00610501	0,021978	158,103824073	7,83662259448
130,5	3,002364671	0,00488401	0,02442	173,131542631	7,15640824987
131	3,58972632	0,00610501	0,021978	206,961091293	5,98663252236
131,5	3,785335386	0,00610501	0,017094	218,222694446	5,67768628806
132	4,111884947	0,00610501	0,032967	237,017069901	5,22747159316
132,5	4,372697035	0,00610501	0,023199	252,022461517	4,91622846845
133	4,894855662	0,00610501	0,026862	282,047988328	4,39286948064
133,5	5,15566775	0,00610501	0,037851	297,036768887	4,17120077303
134	5,482217311	0,00610501	0,02442	315,794745139	3,92343450635
134,5	5,939172916	0,00610501	0,029304	342,026275168	3,62252870599
135	6,199985004	0,00610501	0,023199	356,988544345	3,47069960543
135,5	6,722143631	0,00610501	0,017094	386,921202718	3,20220238978
136	7,048158741	0,00610501	0,026862	405,59382815	3,05478021116
136,5	7,30950528	0,00610501	0,020757	420,553085395	2,94612034254
137	7,831129456	0,00610501	0,010989	450,383947476	2,75098614625
137,5	8,092475995	0,00610501	0,025641	465,316060679	2,66270628654
138	8,353288083	0,00610501	0,015873	480,20798641	2,58013201584
138,5	8,87544671	0,00610501	0,010989	509,99214251	2,42944919485
139	9,201996271	0,00488401	0,015873	528,597301459	2,34393932126
139,5	9,397605337	0,00610501	0,01221	539,733942103	2,29557547404
140	9,984966986	0,00610501	0,00732601	573,135966119	2,16179069757
140,5	10,245779074	0,00610501	0,015873	587,948700018	2,10732671058
141	10,507125613	0,00610501	0,01221	602,779567347	2,05547776852
141,5	10,767937701	0,00610501	0,00610501	617,567602959	2,00625809071
142	11,290096328	0,00610501	0,018315	647,135214903	1,91459214623
142,5	11,550908416	0,00610501	0,00854701	661,883914785	1,87192946123
143	11,877457977	0,00610501	0,00610501	680,330640484	1,8211733035
143,5	12,333879131	0,00610501	0,018315	706,076625936	1,75476705288
144	12,660428692	0,00610501	0,013431	724,46936209	1,7102172498
144,5	12,92124078	0,00610501	0,00732601	739,142594133	1,67626654158
145	13,443399407	0,00610501	0,014652	768,472795771	1,61228869365
145,5	13,704211495	0,00610501	0,00732601	783,099136835	1,58217515729
146	14,226370122	0,00610501	0,00976801	812,332724293	1,52523708937
146,5	14,487716661	0,00610501	0,026862	826,939295883	1,49829619437
147	14,813731771	0,00610501	0,00854701	845,136019425	1,46603620189
147,5	15,270687376	0,00610501	0,010989	870,595076242	1,42316449267
148	15,596702486	0,00610501	0,018315	888,725095043	1,394131894
148,5	15,858049025	0,00610501	0,017094	903,238080963	1,37173135867
149	16,380207652	0,00610501	0,013431	932,177791326	1,32914558953
149,5	16,64101974	0,00610501	0,030525	946,603992894	1,30888947152
150	16,901831828	0,00610501	0,020757	961,010579938	1,28926780398
150,5	17,163178367	0,00610501	0,021978	975,426714183	1,27021331483
151	17,750540016	0,00610501	0,03663	1007,75165091	1,229469581
151,5	18,011352104	0,00488401	0,021978	1022,07146474	1,21224399932
152	18,272164192	0,00610501	0,031746	1036,37010028	1,1955188592
152,5	18,729119797	0,00610501	0,030525	1061,37006194	1,16735909975
153	19,055669358	0,00610501	0,021978	1079,19426414	1,14807874835
153,5	19,316481446	0,00610501	0,025641	1093,40513599	1,1331572893
154	19,838640073	0,00610501	0,03663	1121,78761997	1,10448713994
154,5	20,099452161	0,00488401	0,026862	1135,92959323	1,09073661553
155	20,3607987	0,00488401	0,031746	1150,07693583	1,07731923091
155,5	20,882422876	0,00610501	0,043956	1178,24192618	1,05156672197
156	21,208972437	0,00610501	0,035409	1195,82434663	1,03610534732
156,5	21,469784525	0,00610501	0,03663	1209,83938801	1,02410287868
157	21,731131064	0,00610501	0,04884	1223,85800243	1,01237234838
157,5	22,253289691	0,00610501	0,047619	1251,79001285	0,989782621113
158	22,514101779	0,00610501	0,042735	1265,70293411	0,978902684517
158,5	22,774913867	0,00610501	0,0573871	1279,58962882	0,968279182715
159	23,297072494	0,00610501	0,0573871	1307,31150752	0,947746572165
159,5	23,558419033	0,00488401	0,0634921	1321,14600595	0,93782215926
160	23,819231121	0,00610501	0,0659341	1334,92480974	0,928142162732
160,5	24,40659277	0,00610501	0,0744811	1365,85362704	0,90712502092
161	24,667404858	0,00488401	0,0671551	1379,54143372	0,898124528714
161,5	24,928751397	0,00610501	0,0891331	1393,22861567	0,889301286281
162	25,450375573	0,00610501	0,0732601	1420,46005107	0,872252619191
162,5	25,711722112	0,00610501	0,0659341	1434,05954025	0,863980863573
163	25,9725342	0,00610501	0,0940171	1447,6014733	0,855898548634
163,5	26,494692827	0,00610501	0,0976801	1474,62266753	0,840214942632
164	26,821242388	0,00610501	0,101343	1491,4591816	0,83073007648
164,5	27,277663542	0,00610501	0,141636	1514,91042271	0,817870140322
165	27,604213103	0,00488401	0,235653	1531,62986259	0,808942180003
165,5	27,865025191	0,00610501	0,42735	1544,94781297	0,801968836486
166	28,321980796	0,00610501	0,733822	1568,20417223	0,790075694186
166,5	28,647995906	0,00610501	1,03541	1584,73554577	0,781833917533
167	28,974545467	0,00610501	1,30769	1601,2425853	0,773774074819
167,5	29,431501072	0,00732601	1,47619	1624,25419802	0,762811634725
168	29,757516182	0,018315	1,56288	1640,60877703	0,755207467709
168,5	30,01832827	0,0659341	1,59829	1653,65422131	0,749249742804
169	30,540486897	0,125763	1,58608	1679,6686003	0,737645509226
169,5	30,801833436	0,206349	1,5348	1692,63685319	0,731993987763
170	31,062645524	0,29304	1,4591	1705,54347736	0,726454655921
170,5	31,584804151	0,384615	1,37363	1731,27670348	0,715656831465
171	31,845616239	0,472527	1,25763	1744,0764331	0,710404645396
171,5	32,106962778	0,565324	1,13675	1756,86614144	0,705233011654
172	32,694324427	0,677656	0,991453	1785,47649808	0,693932404786
172,5	32,889933493	0,778999	0,819292	1794,96310426	0,690264884586
173	33,215948603	0,868132	0,659341	1810,72756839	0,684255335605
173,5	33,73810723	0,925519	0,514042	1835,85420014	0,674890195476
174	33,999453769	0,954823	0,37851	1848,3732494	0,670319157889
174,5	34,325468879	0,974359	0,290598	1863,9361208	0,664722350823
175	34,847627506	0,995116	0,221001	1888,73628729	0,655994173637
175,5	35,043236572	1,01587	0,161172	1897,9865516	0,6527970385
176	35,369786133	1,01832	0,105006	1913,37958809	0,647545321227
176,5	35,891410309	1,02442	0,0818071	1937,83899765	0,639372002269
177	36,152756848	1,0232	0,046398	1950,03349447	0,635373701793
177,5	36,413568936	1,02564	0,029304	1962,16260591	0,631446138187
178	36,935727563	1,00488	0,020757	1986,32325019	0,623765542632
178,5	37,196539651	0,980464	0,00854701	1998,32955289	0,620017853516
179	37,45788619	0,959707	0,014652	2010,31892387	0,616320119803
179,5	37,980044817	0,925519	0,017094	2034,14763402	0,609100332385
180	38,306059927	0,893773	0,00732601	2048,93978979	0,604702981598
180,5	38,501668993	0,864469	0,01221	2057,78327188	0,602104223964
181	39,089030642	0,844933	0,015873	2084,19333169	0,594474601354
181,5	39,350377181	0,815629	0,014652	2095,87424088	0,591161423636
182	39,611189269	0,787546	0,021978	2107,48778992	0,587903761971
182,5	40,133347896	0,753358	0,02442	2130,60721443	0,581524361509
183	40,459363006	0,733822	0,015873	2144,95245419	0,577635181413
183,5	40,720709545	0,711844	0,010989	2156,40203574	0,574568183236
184	40,981521633	0,676435	0,023199	2167,78347471	0,571551547678
184,5	41,438477238	0,639805	0,014652	2187,61588117	0,566369996974
185	41,764492348	0,610501	0,025641	2201,68034019	0,562751993278
185,5	42,025838887	0,571429	0,02442	2212,9035101	0,559897887253
186	42,547997514	0,542125	0,01221	2235,18877761	0,554315596254
186,5	42,808809602	0,534799	0,026862	2246,25060155	0,551585828912
187	43,330968229	0,5116	0,034188	2268,25681619	0,546234443629
187,5	43,591780317	0,493284	0,015873	2279,17822656	0,543616986844
188	43,918329878	0,472527	0,026862	2292,78576072	0,540390655432
188,5	44,374751032	0,46398	0,032967	2311,6802362	0,535973782446
189	44,701300593	0,454212	0,019536	2325,108463	0,532878366629
189,5	44,962112681	0,437118	0,020757	2335,77923338	0,530443965891
190	45,22345922	0,418803	0,034188	2346,42332153	0,528037711112
190,5	45,745617847	0,399267	0,015873	2367,54330197	0,523327281478
191	46,006429935	0,396825	0,026862	2378,0189561	0,521021919032
191,5	46,267242023	0,369963	0,023199	2388,44533544	0,51874748047
192	46,78940065	0,35409	0,019536	2409,17051771	0,514284892204
192,5	47,050747189	0,340659	0,023199	2419,46868638	0,512095902284
193	47,376762299	0,316239	0,029304	2432,24448332	0,509406027435
193,5	47,833717904	0,306471	0,018315	2450,01890922	0,505710382616
194	48,159733014	0,284493	0,03663	2462,60489197	0,503125777115
194,5	48,421079553	0,278388	0,026862	2472,63675441	0,501084519508
195	48,942703729	0,260073	0,019536	2492,50543202	0,49709019049
195,5	49,204050268	0,247863	0,029304	2502,38254845	0,495128133293
196	49,464862356	0,224664	0,03663	2512,18756158	0,493195659013
196,5	49,987020983	0,205128	0,019536	2531,6610458	0,489402008241
197	50,247833071	0,18315	0,020757	2541,30918139	0,487543982871
197,5	50,769991698	0,163614	0,030525	2560,46677895	0,483896143541
198	51,031338237	0,142857	0,015873	2569,9756263	0,482105739572
198,5	51,357353347	0,128205	0,025641	2581,76240159	0,479904734547
199	51,618699886	0,0952381	0,034188	2591,15080074	0,478165917493
199,5	52,07512104	0,0732601	0,021978	2607,41749433	0,475182820815
200	52,401670601	0,0769231	0,023199	2618,95413073	0,473089614462
200,5	52,662482689	0,0683761	0,025641	2628,10724644	0,471441948071
201	53,184641316	0,0879121	0,018315	2646,26839535	0,468206476023
201,5	53,445453404	0,0757021	0,018315	2655,2574635	0,466621416956
202	53,706799943	0,0659341	0,029304	2664,20976308	0,465053471829
202,5	54,22895857	0,029304	0,015873	2681,92985951	0,461980761953
203	54,489770658	0,015873	0,013431	2690,69751567	0,460475394497
203,5	54,750582746	0,019536	0,021978	2699,40941805	0,458989285476
204	55,337944395	0,00732601	0,013431	2718,82395158	0,455711742306
204,5	55,599290934	0,00610501	0,00854701	2727,37071808	0,454283677605
205	56,0559258684	0,00610501	0,017094	2742,16766676	0,451832327767
205,5	56,3822082039	0,00610501	0,00854701	2752,63399074	0,450114328373
206	56,6432340723	0,00610501	0,00732601	2760,94279415	0,4487597507
206,5	57,1652858091	0,00610501	0,00976801	2777,38832026	0,446102545677
207	57,4915681446	0,00488401	0,013431	2787,54977021	0,444476368903
207,5	57,752594013	0,00488401	0,00610501	2795,61385866	0,443194254515
208	58,2746457498	0,00610501	0,014652	2811,56780116	0,440679395848
208,5	58,5356716182	0,00610501	0,00854701	2819,45732408	0,439446268407
209	58,7966974866	0,00610501	0,00732601	2827,28832939	0,438229092915
209,5	59,1229798221	0,00610501	0,013431	2836,99454815	0,436729778282
210	59,6450315589	0,00488401	0,013431	2852,33300333	0,434381258624
210,5	59,8408009602	0,00488401	0,00610501	2858,02394216	0,433516312346
211	60,1670832957	0,00610501	0,010989	2867,43465995	0,432093542464
211,5	60,6891350325	0,00610501	0,010989	2882,29826428	0,429865297202
212	60,9501609009	0,00610501	0,00610501	2889,64041046	0,428773073465
212,5	61,2111867693	0,00610501	0,00976801	2896,92258237	0,4276952403
213	61,7332385061	0,00610501	0,010989	2911,30640012	0,425582137267
213,5	61,9942643745	0,00610501	0,00732601	2918,40774741	0,424546570335
214	62,4510596442	0,00610501	0,01221	2930,68926747	0,422767440327
214,5	62,7773419797	0,00610501	0,01221	2939,34777808	0,421522083654
215	63,1036243152	0,00610501	0,00732601	2947,91096703	0,420297632411
215,5	63,625676052	0,00610501	0,013431	2961,41310827	0,418381345223
216	63,8867019204	0,00610501	0,01221	2968,07205279	0,417442696121
216,5	64,1477277888	0,00610501	0,00610501	2974,66939521	0,41651687478
217	64,6045230585	0,00610501	0,00976801	2986,06610327	0,414927184179
217,5	64,930805394	0,00610501	0,015873	2994,09044701	0,413815154194
218	65,1918312624	0,00610501	0,00610501	3000,44002458	0,412939432166
218,5	65,5181135979	0,00610501	0,00854701	3008,28940856	0,411861969288
219	66,0401653347	0,00610501	0,00976801	3020,64539879	0,410177242418
219,5	66,3011912031	0,00610501	0,00610501	3026,72941781	0,409352746469
220	66,5622170715	0,00488401	0,01221	3032,7506173	0,40854002071
220,5	67,0190123412	0,00610501	0,013431	3043,13618176	0,407145762134
221	67,3452946767	0,00488401	0,00610501	3050,43605542	0,406171438276
221,5	67,6063205451	0,00610501	0,00854701	3056,20474017	0,405404776622
222	68,1283722819	0,00610501	0,010989	3067,5516974	0,403905173318
222,5	68,3893981503	0,00610501	0,00610501	3073,12973437	0,403172045144
223	68,6504240187	0,00610501	0,00732601	3078,64398878	0,402449911233
223,5	69,2377322226	0,00610501	0,018315	3090,81726553	0,400864850154
224	69,4335016239	0,00610501	0,00610501	3094,80291876	0,400348594894
224,5	69,6945274923	0,00610501	0,010989	3100,0609117	0,399669566273
225	70,2165792291	0,00610501	0,013431	3110,38376523	0,398343128539
225,5	70,4776050975	0,00610501	0,00732601	3115,44841158	0,397695559778
226	70,803887433	0,00610501	0,014652	3121,68827794	0,396900615848
226,5	71,0649133014	0,00610501	0,015873	3126,60729151	0,39627618197
227	71,5869650382	0,00610501	0,00610501	3136,25054045	0,395057723871
227,5	71,8479909066	0,00610501	0,00854701	3140,97457568	0,394463555864
228	72,109016775	0,00610501	0,015873	3145,63342022	0,393879335092
228,5	72,6310685118	0,00610501	0,00610501	3154,75515184	0,392740463321
229	72,8920943802	0,00610501	0,00732601	3159,21784961	0,392185679805
229,5	73,1531202486	0,00488401	0,01221	3163,61497806	0,39164057845
230	73,6751719854	0,00610501	0,00610501	3172,21216332	0,390579171951
230,5	73,9361978538	0,00610501	0,01221	3176,41204169	0,390062744926
231	74,2624801893	0,00488401	0,013431	3181,56917089	0,389430477054
231,5	74,7845319261	0,00488401	0,00976801	3189,60590154	0,388449243652
232	75,0455577945	0,00610501	0,010989	3193,52500819	0,387972537187
232,5	75,3065836629	0,00610501	0,021978	3197,37783349	0,387505032099
233	75,8286353997	0,00488401	0,00732601	3204,88432152	0,386597416849
233,5	76,0896612681	0,00610501	0,00732601	3208,53782846	0,386157205008
234	76,3506871365	0,00610501	0,023199	3212,12474245	0,385725991156
234,5	76,8727388733	0,00488401	0,00976801	3219,09849518	0,384890366621
235	77,1337647417	0,00610501	0,00976801	3222,48518919	0,38448586332
235,5	77,4600470772	0,00610501	0,015873	3226,62449518	0,383992621965
236	77,9168423469	0,00610501	0,00854701	3232,24370243	0,383325056545
236,5	78,2431246824	0,00610501	0,00854701	3236,13165834	0,382864521845
237	78,5041505508	0,00610501	0,020757	3239,16646773	0,382505812018
237,5	79,0262022876	0,00610501	0,00732601	3245,03433897	0,381814141417
238	79,287228156	0,00610501	0,00854701	3247,86727904	0,381481105462
238,5	79,5482540244	0,00488401	0,020757	3250,63280988	0,381156553959
239	80,0703057612	0,00610501	0,017094	3255,96141569	0,380532764925
239,5	80,3965880967	0,00610501	0,00976801	3259,15455595	0,380159939865
240	80,592357498	0,00610501	0,026862	3261,01971401	0,379942505308
240,5	80,9186398335	0,00610501	0,00854701	3264,04369742	0,379590506396
241	81,4406915703	0,00610501	0,010989	3268,66186042	0,37905419799
241,5	81,7017174387	0,00610501	0,017094	3270,8692043	0,378798393519
242	81,9627433071	0,00610501	0,00854701	3273,00866156	0,378550785567
242,5	82,4847950439	0,00610501	0,00854701	3277,08373996	0,378080054804
243	82,7458743574	0,00488401	0,014652	3279,01966587	0,377856837182
243,5	83,0069002258	0,00610501	0,013431	3280,88713271	0,377641762695
244	83,5289519626	0,00610501	0,00976801	3284,41774541	0,377235813481
244,5	83,789977831	0,00610501	0,023199	3286,08081797	0,377044895921
245	84,0510036994	0,00488401	0,020757	3287,67568819	0,376861989292
245,5	84,6383119033	0,00488401	0,00976801	3291,01461219	0,376479641084
246	84,8993377717	0,00610501	0,025641	3292,38760351	0,376322641563
246,5	85,1603636401	0,00610501	0,015873	3293,69226158	0,376173577128
247	85,6824153769	0,00488401	0,020757	3296,09647111	0,375899191926
247,5	85,9434412453	0,00610501	0,031746	3297,19597266	0,375773842463
248	86,2044671137	0,00610501	0,020757	3298,22704117	0,375656370691
248,5	86,4654929821	0,00610501	0,020757	3299,18965523	0,37554676435
249	86,9875447189	0,00610501	0,031746	3300,90944155	0,375351103064
249,5	87,2485705873	0,00610501	0,013431	3301,6665781	0,375265027734
250	87,5095964557	0,00610501	0,014652	3302,35518883	0,375186777059
250,5	88,0969046596	0,00610501	0,026862	3303,65394367	0,375039281089
251	88,357930528	0,00488401	0,028083	3304,11975412	0,374986408545
251,5	88,6189563964	0,00610501	0,020757	3304,51698782	0,374941331688
252	88,8799822648	0,00610501	0,03663	3304,84563653	0,374904045836
252,5	89,3367775345	0,00610501	0,037851	3305,25571944	0,374857531511
253	89,66305987	0,00610501	0,029304	3305,42001165	0,374838899636
253,5	89,9240857384	0,00610501	0,031746	3305,47426643	0,374832747174
254	90,4461374752	0,00610501	0,04884	3305,37696173	0,374843781616
254,5	90,7724198107	0,00610501	0,032967	3305,17679604	0,37486648263
255	90,968189212	0,00610501	0,032967	3305,0052471	0,374885940374
255,5	91,4902409488	0,00610501	0,03663	3304,35915341	0,374959240954
256	91,8165232843	0,00610501	0,02442	3303,81603461	0,375020881012
256,5	92,0775491527	0,00610501	0,015873	3303,30439694	0,37507896673
257	92,5343444224	0,00610501	0,032967	3302,24406614	0,375199402341
257,5	92,8606267579	0,00610501	0,018315	3301,3581746	0,375300083927
258	93,1216526263	0,00610501	0,015873	3300,57237559	0,375389435228
258,5	93,3826784947	0,00610501	0,031746	3299,71807346	0,375486624135
259	93,9699866986	0,00610501	0,013431	3297,54552328	0,375734009206
259,5	94,231012567	0,00610501	0,010989	3296,46871583	0,375856744537
260	94,4920384354	0,00610501	0,031746	3295,32349043	0,375987366217
