Vernier Format 2
Bandlücke-Ge2.cmbl 05.11.2009 11:05:47 ,
Latest
Time	Winkel	Pyro	Sample	Wellenlänge	Energie
t	Pot	Pot	Pot	Lambda	E
s	°	V	V	nm	eV

0	90,2503680739	0,00610501	0,039072	3305,44560934	0,374835996847
0,5	90,1851116068	0,00610501	0,035409	3305,45991636	0,374834374444
1	90,1851116068	0,00610501	0,032967	3305,45991636	0,374834374444
1,5	90,1851116068	0,00610501	0,02442	3305,45991636	0,374834374444
2	90,4461374752	0,00610501	0,039072	3305,37696173	0,374843781616
2,5	90,7071633436	0,00610501	0,040293	3305,22540426	0,374860969664
3	91,2292150804	0,00610501	0,03663	3304,71649482	0,374918696337
3,5	91,5554974159	0,00610501	0,032967	3304,25910184	0,374970594561
4	91,5554974159	0,00610501	0,0512821	3304,25910184	0,374970594561
4,5	91,4902409488	0,00610501	0,042735	3304,35915341	0,374959240954
5	91,5554974159	0,00488401	0,021978	3304,25910184	0,374970594561
5,5	91,2292150804	0,00610501	0,02442	3304,71649482	0,374918696337
6	90,968189212	0,00610501	0,031746	3305,0052471	0,374885940374
6,5	90,7071633436	0,00610501	0,028083	3305,22540426	0,374860969664
7	90,4461374752	0,00610501	0,032967	3305,37696173	0,374843781616
7,5	89,9240857384	0,00610501	0,03663	3305,47426643	0,374832747174
8	89,66305987	0,00610501	0,03663	3305,42001165	0,374838899636
8,5	89,4020340016	0,00610501	0,023199	3305,29715313	0,374852832468
9	89,0757516661	0,00488401	0,025641	3305,04711001	0,374881191934
9,5	88,6189563964	0,00610501	0,023199	3304,51698782	0,374941331688
10	88,357930528	0,00610501	0,017094	3304,11975412	0,374986408545
10,5	88,0969046596	0,00610501	0,019536	3303,65394367	0,375039281089
11	87,5095964557	0,00610501	0,029304	3302,35518883	0,375186777059
11,5	87,2485705873	0,00610501	0,037851	3301,6665781	0,375265027734
12	87,052801186	0,00610501	0,021978	3301,10514915	0,375328850194
12,5	86,4654929821	0,00610501	0,021978	3299,18965523	0,37554676435
13	86,2044671137	0,00610501	0,019536	3298,22704117	0,375656370691
13,5	85,9434412453	0,00610501	0,021978	3297,19597266	0,375773842463
14	85,4213895085	0,00610501	0,01221	3294,92855934	0,376032432172
14,5	85,1603636401	0,00610501	0,028083	3293,69226158	0,376173577128
15	84,8993377717	0,00610501	0,029304	3292,38760351	0,376322641563
15,5	84,3772860349	0,00610501	0,021978	3289,57331612	0,376644592151
16	84,1162601665	0,00610501	0,014652	3288,06374522	0,37681751207
16,5	83,789977831	0,00610501	0,020757	3286,08081797	0,377044895921
17	83,2679260942	0,00488401	0,013431	3282,68650501	0,37743476208
17,5	83,0069002258	0,00610501	0,017094	3280,88713271	0,377641762695
18	82,7458743574	0,00610501	0,029304	3279,01966587	0,377856837182
18,5	82,2237691755	0,00610501	0,037851	3275,08018777	0,378311347803
19	81,9627433071	0,00488401	0,020757	3273,00866156	0,378550785567
19,5	81,6364609716	0,00610501	0,020757	3270,32373094	0,378861575164
20	81,1796657019	0,00610501	0,019536	3266,38667572	0,379318226226
20,5	80,9186398335	0,00610501	0,013431	3264,04369742	0,379590506396
21	80,6576139651	0,00610501	0,015873	3261,63297415	0,379871067597
21,5	80,0703057612	0,00610501	0,026862	3255,96141569	0,380532764925
22	79,8092798928	0,00610501	0,029304	3253,3308741	0,380840451817
22,5	79,5482540244	0,00610501	0,015873	3250,63280988	0,381156553959
23	79,0262022876	0,00610501	0,013431	3245,03433897	0,381814141417
23,5	78,7651764192	0,00488401	0,021978	3242,13404846	0,382155697907
24	78,5041505508	0,00610501	0,013431	3239,16646773	0,382505812018
24,5	77,982098814	0,00610501	0,014652	3233,02968331	0,383231866505
25	77,7210729456	0,00610501	0,030525	3229,86060699	0,383607886148
25,5	77,2642776759	0,00610501	0,03663	3224,15345962	0,384286919192
26	76,9379953404	0,00610501	0,023199	3219,95143509	0,384788412178
26,5	76,6117130049	0,00610501	0,020757	3215,64498905	0,385303727315
27	76,0896612681	0,00610501	0,026862	3208,53782846	0,386157205008
27,5	75,8286353997	0,00488401	0,01221	3204,88432152	0,386597416849
28	75,5676095313	0,00610501	0,00976801	3201,16429746	0,387046675793
28,5	75,0455577945	0,00610501	0,031746	3193,52500819	0,387972537187
29	74,7845319261	0,00610501	0,030525	3189,60590154	0,388449243652
29,5	74,5235060577	0,00488401	0,028083	3185,62059487	0,388935205277
30	74,2624801893	0,00610501	0,028083	3181,56917089	0,389430477054
30,5	73,6751719854	0,00610501	0,03663	3172,21216332	0,390579171951
31	73,414146117	0,00610501	0,015873	3167,94644592	0,391105096361
31,5	73,1531202486	0,00610501	0,01221	3163,61497806	0,39164057845
32	72,6310685118	0,00610501	0,026862	3154,75515184	0,392740463321
32,5	72,3700426434	0,00610501	0,02442	3150,22697739	0,393304993226
33	72,109016775	0,00610501	0,023199	3145,63342022	0,393879335092
33,5	71,5217085711	0,00610501	0,030525	3135,05935707	0,395207828269
34	71,2606827027	0,00610501	0,02442	3130,25397153	0,395814528555
34,5	70,803887433	0,00610501	0,021978	3121,68827794	0,396900615848
35	70,5428615646	0,00610501	0,00976801	3116,70447397	0,397535284576
35,5	70,2165792291	0,00610501	0,023199	3110,38376523	0,398343128539
36	69,6945274923	0,00610501	0,017094	3100,0609117	0,399669566273
36,5	69,498758091	0,00488401	0,021978	3096,12344307	0,400177842642
37	69,1724757555	0,00610501	0,029304	3089,48069343	0,401038272431
37,5	68,7156804858	0,00610501	0,034188	3080,01257291	0,402271085156
38	68,3893981503	0,00610501	0,021978	3073,12973437	0,403172045144
38,5	68,1283722819	0,00610501	0,010989	3067,5516974	0,403905173318
39	67,8673464135	0,00610501	0,031746	3061,90999364	0,404649386355
39,5	67,3452946767	0,00488401	0,013431	3050,43605542	0,406171438276
40	67,0842688083	0,00610501	0,00732601	3044,60405911	0,406949467302
40,5	66,7579864728	0,00610501	0,02442	3037,22521637	0,40793813818
41	66,3011912031	0,00610501	0,037851	3026,72941781	0,409352746469
41,5	65,9749088676	0,00610501	0,019536	3019,11459326	0,410385217828
42	65,7791394663	0,00610501	0,015873	3014,49868652	0,411013614151
42,5	65,1918312624	0,00610501	0,023199	3000,44002458	0,412939432166
43	64,930805394	0,00610501	0,020757	2994,09044701	0,413815154194
43,5	64,5392665914	0,00488401	0,00976801	2984,44960573	0,415151925374
44	64,1477277888	0,00610501	0,028083	2974,66939521	0,41651687478
44,5	63,8867019204	0,00610501	0,030525	2968,07205279	0,417442696121
45	63,625676052	0,00610501	0,017094	2961,41310827	0,418381345223
45,5	63,0383678481	0,00610501	0,02442	2946,20596834	0,420540862829
46	62,7773419797	0,00610501	0,028083	2939,34777808	0,421522083654
46,5	62,5163161113	0,00610501	0,023199	2932,42858189	0,422516683834
47	61,9942643745	0,00610501	0,00854701	2918,40774741	0,424546570335
47,5	61,7332385061	0,00610501	0,020757	2911,30640012	0,425582137267
48	61,4722126377	0,00610501	0,023199	2904,14462889	0,426631644882
48,5	60,9501609009	0,00610501	0,017094	2889,64041046	0,428773073465
49	60,6891350325	0,00610501	0,026862	2882,29826428	0,429865297202
49,5	60,4281091641	0,00610501	0,03663	2874,89629624	0,430972067278
50	59,9060574273	0,00610501	0,014652	2859,91351028	0,433229884592
50,5	59,6450315589	0,00610501	0,015873	2852,33300333	0,434381258624
51	59,3840056905	0,00610501	0,017094	2844,69329643	0,435547832715
51,5	58,7966974866	0,00610501	0,013431	2827,28832939	0,438229092915
52	58,5356716182	0,00610501	0,010989	2819,45732408	0,439446268407
52,5	58,2746457498	0,00610501	0,021978	2811,56780116	0,440679395848
53	57,752594013	0,00610501	0,030525	2795,61385866	0,443194254515
53,5	57,4915681446	0,00610501	0,030525	2787,54977021	0,444476368903
54	57,2305422762	0,00610501	0,023199	2779,42782639	0,445775201729
54,5	56,6432340723	0,00610501	0,02442	2760,94279415	0,4487597507
55	56,3822082039	0,00610501	0,013431	2752,63399074	0,450114328373
55,5	56,1211823355	0,00610501	0,00732601	2744,26805664	0,451486507305
56	55,599290934	0,00732601	0,017094	2727,37071808	0,454283677605
56,5	55,337944395	0,00854701	0,029304	2718,82395158	0,455711742306
57	55,077132307	0,014652	0,028083	2710,23826872	0,457155377924
57,5	54,489770658	0,023199	0,021978	2690,69751567	0,460475394497
58	54,22895857	0,03663	0,035409	2681,92985951	0,461980761953
58,5	54,032815053	0,04884	0,01221	2675,29952929	0,463125712256
59	53,445453404	0,0647131	0,014652	2655,2574635	0,466621416956
59,5	53,184641316	0,0683761	0,019536	2646,26839535	0,468206476023
60	52,923829228	0,0634921	0,025641	2637,22449405	0,469812108448
60,5	52,401670601	0,0598291	0,00976801	2618,95413073	0,473089614462
61	52,140324062	0,0830281	0,028083	2609,72782466	0,474762152701
61,5	51,879511974	0,100122	0,041514	2600,46625475	0,476453019814
62	51,357353347	0,112332	0,028083	2581,76240159	0,479904734547
62,5	51,096541259	0,140415	0,00976801	2572,33965014	0,481662676206
63	50,83519472	0,159951	0,025641	2562,84412467	0,483447271753
63,5	50,247833071	0,178266	0,015873	2541,30918139	0,487543982871
64	49,987020983	0,197802	0,010989	2531,6610458	0,489402008241
64,5	49,726208895	0,217338	0,019536	2521,96045182	0,491284468441
65	49,204050268	0,234432	0,031746	2502,38254845	0,495128133293
65,5	48,942703729	0,25641	0,02442	2492,50543202	0,49709019049
66	48,681891641	0,271062	0,026862	2482,59681408	0,499074192383
66,5	48,159733014	0,285714	0,029304	2462,60489197	0,503125777115
67	47,898920926	0,295482	0,013431	2452,54246468	0,505190029467
67,5	47,637574387	0,321123	0,00732601	2442,40844251	0,50728616002
68	47,050747189	0,335775	0,020757	2419,46868638	0,512095902284
68,5	46,78940065	0,347985	0,034188	2409,17051771	0,514284892204
69	46,528588562	0,3663	0,021978	2398,84343711	0,516498901442
69,5	46,006429935	0,384615	0,029304	2378,0189561	0,521021919032
70	45,745617847	0,411477	0,034188	2367,54330197	0,523327281478
70,5	45,484271308	0,413919	0,032967	2356,99697287	0,525668897441
71	44,962112681	0,429792	0,00854701	2335,77923338	0,530443965891
71,5	44,701300593	0,446886	0,019536	2325,108463	0,532878366629
72	44,440488505	0,450549	0,018315	2314,3895142	0,535346359116
72,5	43,853126856	0,474969	0,01221	2290,07464473	0,541030399534
73	43,656983339	0,494505	0,020757	2281,90120879	0,542968291189
73,5	43,330968229	0,509158	0,039072	2268,25681619	0,546234443629
74	42,808809602	0,518926	0,028083	2246,25060155	0,551585828912
74,5	42,547997514	0,550672	0,020757	2235,18877761	0,554315596254
75	42,286650975	0,565324	0,02442	2224,05782849	0,557089831088
75,5	41,764492348	0,604396	0,019536	2201,68034019	0,562751993278
76	41,50368026	0,626374	0,014652	2190,43445376	0,565641212352
76,5	41,242868172	0,677656	0,013431	2179,14317947	0,568572093689
77	40,785912567	0,717949	0,026862	2159,25159371	0,573809927296
77,5	40,459363006	0,741148	0,039072	2144,95245419	0,577635181413
78	40,198550918	0,752137	0,018315	2133,4817958	0,580740835211
78,5	39,611189269	0,786325	0,013431	2107,48778992	0,587903761971
79	39,350377181	0,820513	0,017094	2095,87424088	0,591161423636
79,5	39,089030642	0,82906	0,021978	2084,19333169	0,594474601354
80	38,828218554	0,86569	0,017094	2072,49307898	0,597830705717
80,5	38,240856905	0,901099	0,02442	2045,98665033	0,605575798747
81	38,045247839	0,929182	0,034188	2037,1113492	0,608214175668
81,5	37,718698278	0,959707	0,025641	2022,2420785	0,612686291702
82	37,196539651	0,980464	0,019536	1998,32955289	0,620017853516
82,5	36,935727563	0,998779	0,035409	1986,32325019	0,623765542632
83	36,674915475	1,01832	0,0610501	1974,27578902	0,627571895929
83,5	36,152756848	1,01832	0,0683761	1950,03349447	0,635373701793
84	35,891410309	1,01099	0,119658	1937,83899765	0,639372002269
84,5	35,565395199	1,01832	0,169719	1922,5705603	0,644449689175
85	35,108439594	1,01709	0,201465	1901,06506235	0,651739924393
85,5	34,782424484	0,998779	0,261294	1885,64796847	0,657068562487
86	34,586280967	0,967033	0,345543	1876,34299176	0,660327032658
86,5	33,999453769	0,952381	0,448107	1848,3732494	0,670319157889
87	33,73810723	0,91453	0,570208	1835,85420014	0,674890195476
87,5	33,477295142	0,859585	0,733822	1823,32267244	0,679528653225
88	32,955136515	0,776557	0,903541	1798,12066261	0,689052757006
88,5	32,694324427	0,671551	1,05495	1785,47649808	0,693932404786
89	32,432977888	0,576313	1,18315	1772,76931301	0,698906502335
89,5	31,845616239	0,479853	1,28816	1744,0764331	0,710404645396
90	31,584804151	0,371184	1,39194	1731,27670348	0,715656831465
90,5	31,323457612	0,274725	1,46032	1718,41476106	0,721013359565
91	30,801833436	0,19536	1,51893	1692,63685319	0,731993987763
91,5	30,540486897	0,123321	1,55556	1679,6686003	0,737645509226
92	30,279674809	0,0659341	1,55311	1666,6920272	0,743388688358
92,5	29,757516182	0,018315	1,49328	1640,60877703	0,755207467709
93	29,496704094	0,00610501	1,35653	1627,52933779	0,761276599584
93,5	29,170154533	0,00488401	1,12332	1611,1057235	0,769037054443
94	28,713198928	0,00610501	0,808303	1588,0356806	0,780209169816
94,5	28,387183818	0,00610501	0,496947	1571,51452592	0,788411420681
95	27,930228213	0,00610501	0,289377	1548,27230934	0,80024682514
95,5	27,604213103	0,00610501	0,15873	1531,62986259	0,808942180003
96	27,342866564	0,00610501	0,107448	1518,25278708	0,816069636453
96,5	27,016851454	0,00610501	0,103785	1501,52138954	0,825163070357
97	26,559895849	0,00610501	0,105006	1477,98830397	0,838301627062
97,5	26,233880739	0,00610501	0,0818071	1461,1410681	0,847967405097
98	26,037737222	0,00610501	0,0720391	1450,98228069	0,853904294
98,5	25,516113046	0,00610501	0,0781441	1423,88357458	0,870155413066
99	25,189563485	0,00610501	0,0744811	1406,85890909	0,880685328142
99,5	24,928751397	0,00610501	0,0781441	1393,22861567	0,889301286281
100	24,667404858	0,00610501	0,0842491	1379,54143372	0,898124528714
100,5	24,145246231	0,00610501	0,0805861	1352,10938294	0,916345981788
101	23,884434143	0,00610501	0,0659341	1338,36519982	0,925756288471
101,5	23,558419033	0,00610501	0,0573871	1321,14600595	0,93782215926
102	23,101463428	0,00610501	0,0610501	1296,93903864	0,955326320732
102,5	22,774913867	0,00610501	0,0634921	1279,58962882	0,968279182715
103	22,253289691	0,00610501	0,0537241	1251,79001285	0,989782621113
103,5	21,991943152	0,00610501	0,0671551	1237,82256366	1,00095121577
104	21,731131064	0,00610501	0,0671551	1223,85800243	1,01237234838
104,5	21,143769415	0,00610501	0,046398	1192,31670327	1,03915343684
105	20,948160349	0,00610501	0,046398	1181,78452664	1,04841447157
105,5	20,621610788	0,00610501	0,0525031	1164,17149237	1,06427618966
106	20,426001722	0,00610501	0,031746	1153,60282051	1,07402650026
106,5	19,838640073	0,00610501	0,03663	1121,78761997	1,10448713994
107	19,577293534	0,00610501	0,047619	1107,59335145	1,11864160106
107,5	19,316481446	0,00610501	0,045177	1093,40513599	1,1331572893
108	19,055669358	0,00488401	0,030525	1079,19426414	1,14807874835
108,5	18,533510731	0,00610501	0,019536	1050,67649549	1,17924023743
109	18,272164192	0,00610501	0,02442	1036,37010028	1,1955188592
109,5	18,011352104	0,00610501	0,021978	1022,07146474	1,21224399932
110	17,489193477	0,00610501	0,01221	993,381547621	1,24725489714
110,5	17,163178367	0,00610501	0,021978	975,426714183	1,27021331483
111	16,901831828	0,00610501	0,028083	961,010579938	1,28926780398
111,5	16,380207652	0,00610501	0,025641	932,177791326	1,32914558953
112	16,118861113	0,00610501	0,00854701	917,702653064	1,35011051332
112,5	15,858049025	0,00610501	0,030525	903,238080963	1,37173135867
113	15,335890398	0,00610501	0,018315	874,22335374	1,4172579521
113,5	15,07507831	0,00610501	0,01221	859,703497709	1,44119455522
114	14,813731771	0,00610501	0,025641	845,136019425	1,46603620189
114,5	14,226370122	0,00610501	0,029304	812,332724293	1,52523708937
115	13,965558034	0,00488401	0,021978	797,739173243	1,55313922339
115,5	13,704211495	0,00610501	0,010989	783,099136835	1,58217515729
116	13,247790341	0,00610501	0,018315	757,492573603	1,63565960007
116,5	12,92124078	0,00610501	0,017094	739,142594133	1,67626654158
117	12,660428692	0,00610501	0,019536	724,46936209	1,7102172498
117,5	12,399082153	0,00610501	0,030525	709,751004299	1,74568263024
118	11,877457977	0,00610501	0,030525	680,330640484	1,8211733035
118,5	11,550908416	0,00488401	0,014652	661,883914785	1,87192946123
119	11,35529935	0,00610501	0,00976801	650,823658933	1,90374148664
119,5	10,767937701	0,00610501	0,017094	617,567602959	2,00625809071
120	10,507125613	0,00610501	0,020757	602,779567347	2,05547776852
120,5	10,245779074	0,00610501	0,018315	587,948700018	2,10732671058
121	9,723620447	0,00610501	0,019536	558,280966024	2,21931263182
121,5	9,462808359	0,00610501	0,037851	543,444764084	2,27990051958
122	9,201996271	0,00488401	0,014652	528,597301459	2,34393932126
122,5	8,614634622	0,00610501	0,017094	495,120447206	2,50242139462
123	8,353288083	0,00610501	0,020757	480,20798641	2,58013201584
123,5	8,092475995	0,00610501	0,02442	465,316060679	2,66270628654
124	7,570317368	0,00610501	0,017094	435,47302814	2,84518195143
124,5	7,30950528	0,00610501	0,019536	420,553085395	2,94612034254
125	7,048158741	0,00610501	0,040293	405,59382815	3,05478021116
125,5	6,460797092	0,00610501	0,013431	371,943416384	3,33115185113
126	6,265188026	0,00610501	0,00976801	360,727967943	3,43472120297
126,5	5,939172916	0,00610501	0,018315	342,026275168	3,62252870599
127	5,482217311	0,00610501	0,030525	315,794745139	3,92343450635
127,5	5,15566775	0,00610501	0,015873	297,036768887	4,17120077303
128	4,960058684	0,00610501	0,028083	285,795743505	4,3352640064
128,5	4,372697035	0,00610501	0,031746	252,022461517	4,91622846845
129	4,111884947	0,00610501	0,028083	237,017069901	5,22747159316
129,5	3,850538408	0,00610501	0,014652	221,976003422	5,58168442039
130	3,328379781	0,00732601	0,025641	191,911109497	6,45611399594
130,5	3,002364671	0,00610501	0,026862	173,131542631	7,15640824987
131	2,806755605	0,00610501	0,023199	161,861073008	7,65471263088
131,5	2,219393956	0,00610501	0,039072	128,008060109	9,67907801233
132	1,958047417	0,00732601	0,0683761	112,940627435	10,9703658298
132,5	1,697235329	0,017094	0,119658	97,9016646594	12,6555560042
133	1,175076702	0,484737	0,649573	67,7871381583	18,2778036315
133,5	0,849061592	2,663	1,81074	48,9818100278	25,2951044336
134	0,652918075	4,99878	3,09158	37,6669817149	32,8935301846
134,5	0,065556426	4,99756	3,5177	3,7820450984	327,600535627
135	-0,13005264	4,99878	2,66178	-7,50292022632	-165,135702183
135,5	-0,45606775	3,41758	1,26496	-26,3109364791	-47,0906841717
136	-0,978226377	0,474969	0,261294	-56,4325660859	-21,9554077714
136,5	-1,239572916	0,017094	0,0512821	-71,5071926643	-17,3269282968
137	-1,500385004	0,00610501	0,03663	-86,5495087845	-14,3155058579
137,5	-2,087746653	0,00610501	0,032967	-120,418500999	-10,2891166201
138	-2,283355719	0,00610501	0,026862	-131,695259034	-9,40808354899
138,5	-2,60990528	0,00610501	0,029304	-150,517181078	-8,23161841809
139	-3,066326434	0,00610501	0,037851	-176,816416417	-7,00726790591
139,5	-3,392875995	0,00610501	0,031746	-195,625591419	-6,33352717818
140	-3,588485061	0,00610501	0,021978	-206,889621702	-5,98870059217
140,5	-3,915034622	0,00610501	0,030525	-225,688343314	-5,48987148298
141	-4,436658798	0,00610501	0,019536	-255,701610203	-4,845491583
141,5	-4,698005337	0,00610501	0,013431	-270,73118121	-4,57649537989
142	-5,024020447	0,00610501	0,029304	-289,471793704	-4,28020977155
142,5	-5,480976052	0,00610501	0,045177	-315,723462572	-3,92432032104
143	-5,74178814	0,00610501	0,025641	-330,697976241	-3,7466210531
143,5	-6,198743745	0,00610501	0,017094	-356,917353065	-3,47139187647
144	-6,525293306	0,00610501	0,021978	-375,640429677	-3,29836700769
144,5	-6,851308416	0,00488401	0,029304	-394,320691421	-3,14211256715
145	-7,373467043	0,00610501	0,025641	-424,212882343	-2,92070338165
145,5	-7,634279131	0,00610501	0,029304	-439,130640785	-2,82148382492
146	-7,89562567	0,00610501	0,028083	-454,069841005	-2,72865512771
146,5	-8,22164078	0,00488401	0,021978	-472,692374113	-2,62115504259
147	-8,743799407	0,00610501	0,00854701	-502,486818871	-2,46573632077
147,5	-9,070348968	0,00610501	0,025641	-521,098729047	-2,37766843582
148	-9,265958034	0,00610501	0,03663	-532,239530464	-2,32789924288
148,5	-9,788116661	0,00610501	0,029304	-561,948037833	-2,20483019173
149	-10,048928749	0,00610501	0,017094	-576,769763608	-2,14817086154
149,5	-10,309740837	0,00610501	0,015873	-591,579538172	-2,09439292615
150	-10,831899464	0,00610501	0,017094	-621,192290355	-1,99455147663
150,5	-11,158449025	0,00610501	0,015873	-639,685561222	-1,93688911413
151	-11,419261113	0,00610501	0,023199	-654,441067761	-1,89321859681
151,5	-11,94141974	0,00610501	0,040293	-683,941259519	-1,81155908166
152	-12,202231828	0,00610501	0,020757	-698,655138692	-1,77340712375
152,5	-12,463578367	0,00610501	0,00976801	-713,38464773	-1,73679094994
153	-12,985736994	0,00610501	0,010989	-742,768787026	-1,66808301808
153,5	-13,311752104	0,00610501	0,02442	-761,083949157	-1,62794130841
154	-13,572564192	0,00610501	0,028083	-775,718365645	-1,59722916831
154,5	-14,094722819	0,00488401	0,026862	-804,968579919	-1,53919051117
155	-14,356069358	0,00610501	0,029304	-819,583703184	-1,51174309004
155,5	-14,616881446	0,00610501	0,018315	-834,151938934	-1,48534090993
156	-15,139040073	0,00610501	0,00976801	-863,266018918	-1,43524704187
156,5	-15,399852161	0,00610501	0,020757	-877,781460309	-1,41151306564
157	-15,6611987	0,00488401	0,03663	-892,308401851	-1,38853337863
157,5	-15,98721381	0,00488401	0,03663	-910,403885066	-1,36093443836
158	-16,509372437	0,00610501	0,025641	-939,324667677	-1,31903275048
158,5	-16,770184525	0,00610501	0,021978	-953,74119267	-1,2990945652
159	-16,966328042	0,00610501	0,02442	-964,570124979	-1,28451002982
159,5	-17,553689691	0,00610501	0,014652	-996,929795506	-1,24281569834
160	-17,814501779	0,00610501	0,023199	-1011,26539736	-1,22519766149
160,5	-18,140516889	0,00610501	0,041514	-1029,15539784	-1,20389982174
161	-18,597472494	0,00610501	0,039072	-1054,17451399	-1,17532721913
161,5	-18,924022055	0,00610501	0,019536	-1072,01268485	-1,155769906
162	-19,119631121	0,00610501	0,030525	-1082,6814305	-1,14438094632
162,5	-19,70699277	0,00610501	0,035409	-1114,64048277	-1,11156917333
163	-19,967804858	0,00610501	0,041514	-1128,79422557	-1,09763141229
163,5	-20,229151397	0,00610501	0,034188	-1142,95351012	-1,08403359282
164	-20,620369529	0,00610501	0,046398	-1164,10447034	-1,06433746418
164,5	-21,012122112	0,00610501	0,047619	-1185,2299407	-1,04536677437
165	-21,2729342	0,00610501	0,040293	-1199,26371087	-1,03313390439
165,5	-21,860295849	0,00610501	0,035409	-1230,77701048	-1,00668113676
166	-22,055904915	0,00610501	0,0537241	-1241,24333844	-0,998192668293
166,5	-22,382454476	0,00610501	0,0732601	-1258,68351895	-0,984361820382
167	-22,643266564	0,00610501	0,0671551	-1272,58348775	-0,973609992527
167,5	-23,165425191	0,00610501	0,0683761	-1300,33237783	-0,952833307182
168	-23,42677173	0,00610501	0,0695971	-1314,18061358	-0,942792784493
168,5	-23,687583818	0,00610501	0,0634921	-1327,97327107	-0,933000706412
169	-24,209742445	0,00610501	0,0561661	-1355,50387181	-0,9140512438
169,5	-24,470554533	0,00610501	0,0586081	-1369,21306579	-0,904899340327
170	-24,666163599	0,00610501	0,0793651	-1379,47635807	-0,89816689699
170,5	-25,253525248	0,00610501	0,0781441	-1410,19717269	-0,878600541823
171	-25,514871787	0,00610501	0,0610501	-1423,81894875	-0,87019490862
171,5	-25,775683875	0,00610501	0,0720391	-1437,38333552	-0,861983000207
172	-26,297842502	0,00488401	0,0732601	-1464,45011899	-0,846051349876
172,5	-26,55865459	0,00610501	0,0695971	-1477,92425077	-0,838337959033
173	-26,820001129	0,00610501	0,0940171	-1491,39527512	-0,830765673373
173,5	-27,407362778	0,00488401	0,168498	-1521,5569855	-0,814297467535
174	-27,668174866	0,00610501	0,300366	-1534,8989151	-0,807219281874
174,5	-27,994724427	0,00610501	0,4884	-1551,55879519	-0,79855175572
175	-28,451145581	0,00610501	0,698413	-1574,75988352	-0,786786616146
175,5	-28,777695142	0,00610501	0,869353	-1591,29801834	-0,778609654333
176	-28,973304208	0,00610501	0,958486	-1601,17993795	-0,773804349302
176,5	-29,560665857	0,010989	1,01099	-1630,74008136	-0,759777731693
177	-29,756274923	0,042735	1,03053	-1640,54660955	-0,75523608582
177,5	-30,082824484	0,0927961	1,01832	-1656,87495487	-0,747793305919
178	-30,539245638	0,136752	0,980464	-1679,6069243	-0,737672595935
178,5	-30,865795199	0,19536	0,947497	-1695,80534017	-0,730626311079
179	-31,126607287	0,272283	0,898657	-1708,70332214	-0,725111248948
179,5	-31,387953826	0,350427	0,847375	-1721,59221938	-0,719682620573
180	-31,910112453	0,429792	0,753358	-1747,23611475	-0,709119957825
180,5	-32,170924541	0,507937	0,650794	-1759,99072787	-0,70398098148
181	-32,693083168	0,601954	0,544567	-1785,4162332	-0,693955827755
181,5	-33,019098278	0,65812	0,433455	-1801,21584847	-0,68786869772
182	-33,280444817	0,700855	0,34188	-1813,83935349	-0,683081441371
182,5	-33,541256905	0,732601	0,271062	-1826,39942079	-0,678383920787
183	-33,99821251	0,752137	0,210012	-1848,31388117	-0,670340688682
183,5	-34,32422762	0,776557	0,155067	-1863,87698137	-0,664743441968
184	-34,585574159	0,79243	0,111111	-1876,30942122	-0,660338847093
184,5	-35,107198335	0,807082	0,101343	-1901,00648023	-0,651760008651
185	-35,368544874	0,820513	0,0854701	-1913,32119444	-0,647565084002
185,5	-35,629356962	0,818071	0,0561661	-1925,57103893	-0,64344548965
186	-36,151515589	0,836386	0,043956	-1949,97567269	-0,635392542251
186,5	-36,47806515	0,81685	0,029304	-1965,15575295	-0,63048437669
187	-36,673674216	0,786325	0,018315	-1974,21835463	-0,627590153385
187,5	-37,195832843	0,78022	0,017094	-1998,29707132	-0,620027931674
188	-37,456644931	0,771673	0,026862	-2010,2620793	-0,616337547605
188,5	-37,783194492	0,753358	0,030525	-2025,18410233	-0,611796230562
189	-38,304818668	0,71917	0,015873	-2048,88359613	-0,60471956647
189,5	-38,566165207	0,705739	0,014652	-2060,69389167	-0,601253783985
190	-38,826977295	0,681319	0,021978	-2072,43729217	-0,597846798395
190,5	-39,349135922	0,655678	0,020757	-2095,81886556	-0,591177043189
191	-39,60994801	0,643468	0,02442	-2107,43262185	-0,58791915203
191,5	-39,936497571	0,630037	0,030525	-2121,9120227	-0,583907337697
192	-40,393453176	0,594628	0,029304	-2142,05789114	-0,578415739893
192,5	-40,719468286	0,566545	0,017094	-2156,34776208	-0,574582644687
193	-41,241626913	0,531136	0,017094	-2179,0893338	-0,568586143203
193,5	-41,502439001	0,517705	0,030525	-2190,38082354	-0,565655061752
194	-41,698582518	0,489621	0,032967	-2198,84269044	-0,563478235795
194,5	-42,285944167	0,457875	0,019536	-2224,02766214	-0,557097387361
195	-42,546756255	0,446886	0,015873	-2235,13602117	-0,554328679895
195,5	-42,807568343	0,437118	0,019536	-2246,19806607	-0,551598729744
196	-43,32972697	0,412698	0,028083	-2268,20472637	-0,546246988023
196,5	-43,656276531	0,406593	0,02442	-2281,8717072	-0,542975311053
197	-43,917088619	0,412698	0,026862	-2292,73417737	-0,540402813474
197,5	-44,177900707	0,399267	0,034188	-2303,54913994	-0,537865669335
198	-44,634856312	0,369963	0,021978	-2322,3822768	-0,533503899156
198,5	-44,961405873	0,360195	0,014652	-2335,7503806	-0,530450518297
199	-45,157014939	0,357753	0,029304	-2343,72180678	-0,528646359144
199,5	-45,80957961	0,335775	0,039072	-2370,11690827	-0,522759023268
200	-46,005188676	0,330891	0,023199	-2377,9692168	-0,521032817097
200,5	-46,331738237	0,308913	0,015873	-2391,01605031	-0,518189746088
201	-46,788159391	0,295482	0,019536	-2409,12148704	-0,514295358979
201,5	-47,114708952	0,266178	0,026862	-2421,98139333	-0,511564623664
202	-47,37552104	0,250305	0,019536	-2432,19599026	-0,50941618396
202,5	-47,897679667	0,249084	0,032967	-2452,49445382	-0,505199919237
203	-48,159026206	0,234432	0,031746	-2462,57769137	-0,503131334431
203,5	-48,419838294	0,212454	0,02442	-2472,58922975	-0,501094150656
204	-48,941996921	0,200244	0,00732601	-2492,47864909	-0,497095531972
204,5	-49,202809009	0,199023	0,021978	-2502,33576022	-0,495137391111
205	-49,464155548	0,184371	0,039072	-2512,16105998	-0,493200861895
205,5	-50,050982746	0,152625	0,02442	-2534,03202487	-0,488944096932
206	-50,247126263	0,145299	0,02442	-2541,28310574	-0,487548985471
206,5	-50,573141373	0,118437	0,026862	-2553,26937996	-0,485260196094
207	-51,0953	0,0866911	0,021978	-2572,29467771	-0,481671097302
207,5	-51,356112088	0,0659341	0,013431	-2581,7176833	-0,479913047044
208	-51,617458627	0,0720391	0,031746	-2591,10633803	-0,478174122696
208,5	-51,878270715	0,0671551	0,039072	-2600,42204803	-0,476461119432
209	-52,400429342	0,0659341	0,014652	-2618,91043925	-0,473097507052
209,5	-52,726978903	0,0610501	0,00854701	-2630,36232908	-0,471037767802
210	-52,922587969	0,0598291	0,021978	-2637,18132144	-0,469819799621
210,5	-53,509949618	0,041514	0,026862	-2657,47189193	-0,466232588861
211	-53,770761706	0,013431	0,029304	-2666,3923063	-0,464672807925
211,5	-54,032108245	0,020757	0,018315	-2675,27557999	-0,463129858197
212	-54,553732421	0,010989	0,026862	-2692,83919641	-0,460109167176
212,5	-54,81507896	0,00732601	0,021978	-2701,55516486	-0,458624727015
213	-55,075891048	0,00610501	0,023199	-2710,19727325	-0,457162293029
213,5	-55,598049675	0,00732601	0,030525	-2727,33025939	-0,454290416693
214	-55,858861763	0,00610501	0,029304	-2735,80324575	-0,452883445447
214,5	-56,185411324	0,00610501	0,017094	-2746,3318992	-0,451147219446
215	-56,642366929	0,00610501	0,014652	-2760,91528659	-0,448764221785
215,5	-56,968382039	0,00610501	0,029304	-2771,212523	-0,447096709371
216	-57,163991105	0,00610501	0,041514	-2777,34781951	-0,44610905098
216,5	-57,751352754	0,00610501	0,025641	-2795,57564859	-0,443200312117
217	-58,012699293	0,00610501	0,015873	-2803,59179065	-0,441933096014
217,5	-58,273511381	0,00610501	0,019536	-2811,53338732	-0,440684789868
218	-58,534323469	0,00488401	0,028083	-2819,41672639	-0,439452596136
218,5	-59,121685118	0,00610501	0,028083	-2836,95621501	-0,436735679404
219	-59,317828635	0,00610501	0,030525	-2842,74703787	-0,435846026219
219,5	-59,643843745	0,00610501	0,032967	-2852,29837234	-0,434386532634
220	-60,10079935	0,00610501	0,018315	-2865,53039828	-0,432380686222
220,5	-60,42681446	0,00610501	0,018315	-2874,85943319	-0,430977593442
221	-60,622957977	0,00610501	0,029304	-2880,42732157	-0,430144510408
221,5	-61,210319626	0,00610501	0,032967	-2896,89849003	-0,427698797271
222	-61,405928692	0,00610501	0,015873	-2902,3163928	-0,426900390004
222,5	-61,731943802	0,00488401	0,017094	-2911,27102628	-0,425587308366
223	-62,254102429	0,00610501	0,030525	-2925,41662131	-0,423529418331
223,5	-62,58065199	0,00610501	0,034188	-2934,13963562	-0,422270291761
224	-62,776261056	0,00610501	0,015873	-2939,31925097	-0,421526174671
224,5	-63,298419683	0,00610501	0,019536	-2952,97776061	-0,419576475153
225	-63,559231771	0,00610501	0,018315	-2959,70825056	-0,418622342174
225,5	-63,885781332	0,00610501	0,030525	-2968,04867613	-0,417445983943
226	-64,342202486	0,00610501	0,023199	-2979,54455212	-0,41583536622
226,5	-64,668752047	0,00610501	0,023199	-2987,6533662	-0,414706744101
227	-64,864361113	0,00610501	0,023199	-2992,46423079	-0,41404003672
227,5	-65,190910674	0,00610501	0,030525	-3000,41774019	-0,412942499108
228	-65,647331828	0,00610501	0,017094	-3011,37106104	-0,411440495006
228,5	-65,973881389	0,00610501	0,029304	-3019,09045904	-0,410388498394
229	-66,234693477	0,00610501	0,037851	-3025,18543997	-0,409561669718
229,5	-66,756852104	0,00488401	0,01221	-3037,19939078	-0,407941606916
230	-67,017664192	0,00488401	0,01221	-3043,1058149	-0,407149825002
230,5	-67,344213753	0,00610501	0,019536	-3050,41203524	-0,406174636635
231	-67,801169358	0,00610501	0,035409	-3060,46956769	-0,404839836697
231,5	-68,127184468	0,00610501	0,029304	-3067,5261686	-0,403908534728
232	-68,322793534	0,00610501	0,014652	-3071,71247216	-0,403358065323
232,5	-68,910155183	0,00610501	0,025641	-3084,06746993	-0,401742183684
233	-69,1062987	0,00610501	0,028083	-3088,12117317	-0,401214826272
233,5	-69,43231381	0,00610501	0,02442	-3094,77884505	-0,400351709131
234	-69,954472437	0,00610501	0,029304	-3105,23318872	-0,399003850822
234,5	-70,280487547	0,00610501	0,043956	-3111,62974082	-0,398183621832
235	-70,476631064	0,00610501	0,028083	-3115,42963268	-0,39769795697
235,5	-70,737443152	0,00610501	0,026862	-3120,42579091	-0,3970611971
236	-71,259601779	0,00610501	0,041514	-3130,233937	-0,395817061899
236,5	-71,585616889	0,00732601	0,0537241	-3136,22597266	-0,395060818577
237	-71,781760406	0,00610501	0,037851	-3139,78210698	-0,39461337054
237,5	-72,369122055	0,00610501	0,02442	-3150,21089162	-0,393307001539
238	-72,629934143	0,00610501	0,032967	-3154,73561485	-0,392742895528
238,5	-72,890746231	0,00610501	0,046398	-3159,19496899	-0,392188520228
239	-73,15209277	0,00610501	0,040293	-3163,59779826	-0,391642705239
239,5	-73,674251397	0,00610501	0,042735	-3172,19723458	-0,390581010062
240	-73,935063485	0,00610501	0,03663	-3176,39393239	-0,390064968758
240,5	-74,195875573	0,00610501	0,032967	-3180,52481233	-0,389558350621
241	-74,7180342	0,00610501	0,02442	-3188,59690444	-0,388572164225
241,5	-75,044583761	0,00732601	0,035409	-3193,51050697	-0,387974298909
242	-75,305395849	0,00610501	0,0549451	-3197,36045122	-0,387507138749
242,5	-75,566742388	0,00610501	0,02442	-3201,15182855	-0,387048183391
243	-76,088366564	0,00610501	0,013431	-3208,51987112	-0,38615936624
243,5	-76,349713103	0,00610501	0,02442	-3212,11148154	-0,385727583591
244	-76,610525191	0,00610501	0,035409	-3215,62912106	-0,385305628652
244,5	-77,19788684	0,00610501	0,028083	-3223,30691442	-0,384387845432
245	-77,393495906	0,00610501	0,017094	-3225,78869946	-0,384092113723
245,5	-77,720045467	0,00610501	0,029304	-3229,84800003	-0,383609383472
246	-78,177001072	0,00610501	0,028083	-3235,35220931	-0,382956760143
246,5	-78,503016182	0,00610501	0,013431	-3239,15342442	-0,382507352279
247	-78,698625248	0,00610501	0,030525	-3241,38382255	-0,382244148743
247,5	-79,025174809	0,00610501	0,037851	-3245,02305452	-0,381815469161
248	-79,482130414	0,00610501	0,023199	-3249,93861833	-0,381237969546
248,5	-79,808145524	0,00610501	0,00976801	-3253,31929487	-0,380841807306
249	-80,068957612	0,00610501	0,025641	-3255,948003	-0,380534332507
249,5	-80,591116239	0,00610501	0,031746	-3261,00800804	-0,379943869179
250	-80,852462778	0,00610501	0,017094	-3263,43892289	-0,379660851414
250,5	-81,178477888	0,00610501	0,00854701	-3266,37616736	-0,379319446541
251	-81,439824427	0,00610501	0,013431	-3268,65441441	-0,379055061477
251,5	-81,961448603	0,00610501	0,031746	-3272,99821732	-0,378551993534
252	-82,15759212	0,00610501	0,019536	-3274,56143074	-0,378371280004
252,5	-82,418404208	0,00610501	0,01221	-3276,58059295	-0,378138112234
253	-83,005765857	0,00610501	0,020757	-3280,87916435	-0,377642679884
253,5	-83,331780967	0,00610501	0,026862	-3283,11631543	-0,377385350064
254	-83,462721462	0,00610501	0,019536	-3283,98492754	-0,377285531858
254,5	-83,853939594	0,00610501	0,021978	-3286,47793473	-0,376999336252
255	-84,310895199	0,00610501	0,030525	-3289,19583617	-0,37668781724
255,5	-84,636910309	0,00610501	0,021978	-3291,00705543	-0,376480505551
256	-84,833053826	0,00610501	0,018315	-3292,04542301	-0,376361757143
256,5	-85,420415475	0,00610501	0,014652	-3294,92407312	-0,37603294416
257	-85,616024541	0,00610501	0,025641	-3295,80590384	-0,375932332227
257,5	-85,942039651	0,00610501	0,025641	-3297,19025154	-0,375774494487
258	-86,398995256	0,00610501	0,015873	-3298,95092353	-0,375573941147
258,5	-86,725544817	0,00610501	0,00854701	-3300,08058565	-0,375445377118
259	-86,921153883	0,00610501	0,025641	-3300,70593773	-0,375374245199
259,5	-87,312906466	0,00610501	0,03663	-3301,84266621	-0,375245014755
260	-87,76932762	0,00488401	0,028083	-3302,972353	-0,375116672979
260,5	-88,095877181	0,00610501	0,00732601	-3303,65197461	-0,375039504622
261	-88,291486247	0,00610501	0,026862	-3304,00768782	-0,374999127443
261,5	-88,878847896	0,00610501	0,045177	-3304,84435668	-0,374904191024
262	-89,074456962	0,00610501	0,03663	-3305,04590433	-0,374881328691
262,5	-89,401006523	0,00610501	0,019536	-3305,29653397	-0,374852902687
263	-89,857427677	0,00610501	0,030525	-3305,4669342	-0,374833578633
263,5	-90,24918026	0,00610501	0,029304	-3305,44590807	-0,374835962971
264	-90,444789326	0,00610501	0,030525	-3305,37756642	-0,374843713041
264,5	-91,032150975	0,00610501	0,028083	-3304,94083594	-0,374893246658
265	-91,228294492	0,00610501	0,03663	-3304,71763372	-0,374918567129
