Vernier Format 2
Bandlücke-Ge2.cmbl 05.11.2009 11:28:54 ,
Latest
Time	Winkel	Pyro	Sample	Wellenlänge	Energie
t	Pot	Pot	Pot	Lambda	E
s	°	V	V	nm	eV

0	90,7071633436	0,00610501	0,00976801	3305,22540426	0,374860969664
0,5	90,4461374752	0,00610501	0,00854701	3305,37696173	0,374843781616
1	90,1851116068	0,00610501	0,00976801	3305,45991636	0,374834374444
1,5	89,9240857384	0,00488401	0,029304	3305,47426643	0,374832747174
2	89,66305987	0,00610501	0,025641	3305,42001165	0,374838899636
2,5	89,4020340016	0,00488401	0,034188	3305,29715313	0,374852832468
3	88,8799822648	0,00610501	0,00732601	3304,84563653	0,374904045836
3,5	88,6189563964	0,00610501	0,010989	3304,51698782	0,374941331688
4	88,357930528	0,00610501	0,026862	3304,11975412	0,374986408545
4,5	88,0969046596	0,00610501	0,026862	3303,65394367	0,375039281089
5	87,5095964557	0,00610501	0,014652	3302,35518883	0,375186777059
5,5	87,2485705873	0,00610501	0,00610501	3301,6665781	0,375265027734
6	86,9875447189	0,00610501	0,014652	3300,90944155	0,375351103064
6,5	86,7265188505	0,00610501	0,02442	3300,08379488	0,375445012009
7	86,4654929821	0,00488401	0,025641	3299,18965523	0,37554676435
7,5	85,9434412453	0,00610501	0,020757	3297,19597266	0,375773842463
8	85,6824153769	0,00488401	0,00610501	3296,09647111	0,375899191926
8,5	85,4213895085	0,00610501	0,017094	3294,92855934	0,376032432172
9	85,1603636401	0,00610501	0,018315	3293,69226158	0,376173577128
9,5	84,8993377717	0,00610501	0,026862	3292,38760351	0,376322641563
10	84,3772860349	0,00610501	0,021978	3289,57331612	0,376644592151
10,5	84,0510036994	0,00488401	0,00732601	3287,67568819	0,376861989292
11	83,789977831	0,00610501	0,019536	3286,08081797	0,377044895921
11,5	83,5289519626	0,00610501	0,00732601	3284,41774541	0,377235813481
12	83,0069002258	0,00610501	0,045177	3280,88713271	0,377641762695
12,5	82,7458743574	0,00610501	0,028083	3279,01966587	0,377856837182
13	82,4847950439	0,00610501	0,00732601	3277,08373996	0,378080054804
13,5	82,2237691755	0,00610501	0,013431	3275,08018777	0,378311347803
14	81,7017174387	0,00610501	0,00732601	3270,8692043	0,378798393519
14,5	81,4406915703	0,00610501	0,034188	3268,66186042	0,37905419799
15	81,1796657019	0,00610501	0,026862	3266,38667572	0,379318226226
15,5	80,9186398335	0,00610501	0,00976801	3264,04369742	0,379590506396
16	80,3965880967	0,00610501	0,017094	3259,15455595	0,380159939865
16,5	80,0703057612	0,00610501	0,00610501	3255,96141569	0,380532764925
17	79,8092798928	0,00610501	0,013431	3253,3308741	0,380840451817
17,5	79,5482540244	0,00610501	0,030525	3250,63280988	0,381156553959
18	79,0262022876	0,00610501	0,025641	3245,03433897	0,381814141417
18,5	78,7651764192	0,00610501	0,040293	3242,13404846	0,382155697907
19	78,5041505508	0,00610501	0,00976801	3239,16646773	0,382505812018
19,5	78,2431246824	0,00610501	0,00854701	3236,13165834	0,382864521845
20	77,7210729456	0,00610501	0,010989	3229,86060699	0,383607886148
20,5	77,4600470772	0,00610501	0,00976801	3226,62449518	0,383992621965
21	77,1990212088	0,00610501	0,032967	3223,32141502	0,384386116204
21,5	76,676969472	0,00610501	0,025641	3216,51462532	0,385199554277
22	76,3506871365	0,00610501	0,010989	3212,12474245	0,385725991156
22,5	76,0896612681	0,00610501	0,02442	3208,53782846	0,386157205008
23	75,8286353997	0,00610501	0,00610501	3204,88432152	0,386597416849
23,5	75,3065836629	0,00610501	0,013431	3197,37783349	0,387505032099
24	75,0455577945	0,00610501	0,01221	3193,52500819	0,387972537187
24,5	74,7845319261	0,00610501	0,00976801	3189,60590154	0,388449243652
25	74,5235060577	0,00610501	0,023199	3185,62059487	0,388935205277
25,5	74,2624801893	0,00610501	0,029304	3181,56917089	0,389430477054
26	73,6751719854	0,00488401	0,017094	3172,21216332	0,390579171951
26,5	73,414146117	0,00610501	0,014652	3167,94644592	0,391105096361
27	73,1531202486	0,00610501	0,00610501	3163,61497806	0,39164057845
27,5	72,8920943802	0,00610501	0,010989	3159,21784961	0,392185679805
28	72,3700426434	0,00610501	0,017094	3150,22697739	0,393304993226
28,5	72,109016775	0,00610501	0,015873	3145,63342022	0,393879335092
29	71,8479909066	0,00610501	0,031746	3140,97457568	0,394463555864
29,5	71,5869650382	0,00610501	0,018315	3136,25054045	0,395057723871
30	71,0649133014	0,00488401	0,00976801	3126,60729151	0,39627618197
30,5	70,803887433	0,00610501	0,010989	3121,68827794	0,396900615848
31	70,5428615646	0,00610501	0,00610501	3116,70447397	0,397535284576
31,5	70,2165792291	0,00610501	0,026862	3110,38376523	0,398343128539
32	69,6945274923	0,00610501	0,019536	3100,0609117	0,399669566273
32,5	69,4335016239	0,00610501	0,021978	3094,80291876	0,400348594894
33	69,2377322226	0,00488401	0,015873	3090,81726553	0,400864850154
33,5	68,9114498871	0,00610501	0,00610501	3084,09434617	0,401738682715
34	68,3893981503	0,00610501	0,013431	3073,12973437	0,403172045144
34,5	68,1283722819	0,00488401	0,010989	3067,5516974	0,403905173318
35	67,8673464135	0,00610501	0,010989	3061,90999364	0,404649386355
35,5	67,6063205451	0,00610501	0,03663	3056,20474017	0,405404776622
36	67,3452946767	0,00610501	0,029304	3050,43605542	0,406171438276
36,5	66,8232429399	0,00488401	0,026862	3038,70887229	0,407738961537
37	66,5622170715	0,00610501	0,020757	3032,7506173	0,40854002071
37,5	66,3011912031	0,00488401	0,00610501	3026,72941781	0,409352746469
38	66,0401653347	0,00610501	0,00732601	3020,64539879	0,410177242418
38,5	65,5181135979	0,00610501	0,00854701	3008,28940856	0,411861969288
39	65,1918312624	0,00610501	0,00854701	3000,44002458	0,412939432166
39,5	64,930805394	0,00610501	0,029304	2994,09044701	0,413815154194
40	64,6697795256	0,00610501	0,025641	2987,67872733	0,414703223833
40,5	64,1477277888	0,00610501	0,028083	2974,66939521	0,41651687478
41	63,8867019204	0,00610501	0,02442	2968,07205279	0,417442696121
41,5	63,625676052	0,00488401	0,00732601	2961,41310827	0,418381345223
42	63,3646501836	0,00610501	0,014652	2954,69269986	0,419332947911
42,5	63,0383678481	0,00610501	0,00854701	2946,20596834	0,420540862829
43	62,5163161113	0,00610501	0,00732601	2932,42858189	0,422516683834
43,5	62,2552902429	0,00488401	0,023199	2925,44852337	0,423524799736
44	61,9942643745	0,00610501	0,017094	2918,40774741	0,424546570335
44,5	61,7332385061	0,00610501	0,025641	2911,30640012	0,425582137267
45	61,2111867693	0,00610501	0,030525	2896,92258237	0,4276952403
45,5	60,9501609009	0,00610501	0,00732601	2889,64041046	0,428773073465
46	60,6891350325	0,00488401	0,014652	2882,29826428	0,429865297202
46,5	60,4281091641	0,00488401	0,00976801	2874,89629624	0,430972067278
47	60,1670832957	0,00610501	0,00732601	2867,43465995	0,432093542464
47,5	59,6450315589	0,00610501	0,015873	2852,33300333	0,434381258624
48	59,3840056905	0,00610501	0,013431	2844,69329643	0,435547832715
48,5	59,057723355	0,00610501	0,00854701	2835,06065456	0,43702768687
49	58,7314410195	0,00610501	0,030525	2825,336073	0,438531901334
49,5	58,2746457498	0,00610501	0,019536	2811,56780116	0,440679395848
50	58,0136198814	0,00488401	0,030525	2803,61992436	0,441928661312
50,5	57,752594013	0,00610501	0,02442	2795,61385866	0,443194254515
51	57,3610552104	0,00610501	0,00732601	2783,49601971	0,445123683032
51,5	56,9042599407	0,00610501	0,019536	2769,19429441	0,447422559877
52	56,6432340723	0,00610501	0,00854701	2760,94279415	0,4487597507
52,5	56,3822082039	0,00610501	0,00610501	2752,63399074	0,450114328373
53	56,1211823355	0,00610501	0,015873	2744,26805664	0,451486507305
53,5	55,599290934	0,00610501	0,013431	2727,37071808	0,454283677605
54	55,337944395	0,00610501	0,025641	2718,82395158	0,455711742306
54,5	55,077132307	0,00732601	0,026862	2710,23826872	0,457155377924
55	54,815785768	0,00732601	0,035409	2701,57866094	0,458620738279
55,5	54,22895857	0,00610501	0,028083	2681,92985951	0,461980761953
56	53,967612031	0,00854701	0,030525	2673,08849393	0,463508784993
56,5	53,706799943	0,00610501	0,00976801	2664,20976308	0,465053471829
57	53,445453404	0,00976801	0,019536	2655,2574635	0,466621416956
57,5	52,923829228	0,01221	0,00732601	2637,22449405	0,469812108448
58	52,662482689	0,018315	0,00732601	2628,10724644	0,471441948071
58,5	52,401670601	0,015873	0,010989	2618,95413073	0,473089614462
59	52,140324062	0,019536	0,00610501	2609,72782466	0,474762152701
59,5	51,618699886	0,028083	0,00854701	2591,15080074	0,478165917493
60	51,357353347	0,045177	0,021978	2581,76240159	0,479904734547
60,5	51,031338237	0,0537241	0,015873	2569,9756263	0,482105739572
61	50,83519472	0,0744811	0,030525	2562,84412467	0,483447271753
61,5	50,50917961	0,0769231	0,026862	2550,92426733	0,485706304914
62	49,987020983	0,0842491	0,026862	2531,6610458	0,489402008241
62,5	49,726208895	0,0940171	0,032967	2521,96045182	0,491284468441
63	49,464862356	0,0891331	0,020757	2512,18756158	0,493195659013
63,5	49,204050268	0,0964591	0,00732601	2502,38254845	0,495128133293
64	48,681891641	0,105006	0,017094	2482,59681408	0,499074192383
64,5	48,421079553	0,124542	0,00732601	2472,63675441	0,501084519508
65	48,159733014	0,130647	0,00732601	2462,60489197	0,503125777115
65,5	47,898920926	0,142857	0,017094	2452,54246468	0,505190029467
66	47,376762299	0,166056	0,00610501	2432,24448332	0,509406027435
66,5	47,050747189	0,167277	0,015873	2419,46868638	0,512095902284
67	46,78940065	0,184371	0,023199	2409,17051771	0,514284892204
67,5	46,528588562	0,184371	0,023199	2398,84343711	0,516498901442
68	46,006429935	0,190476	0,032967	2378,0189561	0,521021919032
68,5	45,745617847	0,190476	0,019536	2367,54330197	0,523327281478
69	45,484271308	0,200244	0,00976801	2356,99697287	0,525668897441
69,5	45,22345922	0,199023	0,020757	2346,42332153	0,528037711112
70	44,962112681	0,20757	0,00610501	2335,77923338	0,530443965891
70,5	44,440488505	0,224664	0,00976801	2314,3895142	0,535346359116
71	44,179141966	0,236874	0,00976801	2303,60049665	0,537853678101
71,5	43,918329878	0,25641	0,00976801	2292,78576072	0,540390655432
72	43,656983339	0,251526	0,026862	2281,90120879	0,542968291189
72,5	43,06962169	0,263736	0,025641	2257,26588107	0,548894133559
73	42,808809602	0,264957	0,035409	2246,25060155	0,551585828912
73,5	42,547997514	0,273504	0,026862	2235,18877761	0,554315596254
74	42,286650975	0,277167	0,00732601	2224,05782849	0,557089831088
74,5	41,764492348	0,294261	0,020757	2201,68034019	0,562751993278
75	41,50368026	0,315018	0,00610501	2190,43445376	0,565641212352
75,5	41,242868172	0,340659	0,00732601	2179,14317947	0,568572093689
76	40,981521633	0,371184	0,018315	2167,78347471	0,571551547678
76,5	40,459363006	0,372405	0,00732601	2144,95245419	0,577635181413
77	40,198550918	0,400488	0,032967	2133,4817958	0,580740835211
77,5	39,872535808	0,413919	0,03663	2119,08133361	0,584687326697
78	39,676392291	0,416361	0,023199	2110,38436326	0,587096844334
78,5	39,350377181	0,428571	0,026862	2095,87424088	0,591161423636
79	38,828218554	0,429792	0,00854701	2072,49307898	0,597830705717
79,5	38,567406466	0,443223	0,010989	2060,74988227	0,601237447911
80	38,306059927	0,462759	0,00976801	2048,93978979	0,604702981598
80,5	38,045247839	0,483516	0,00610501	2037,1113492	0,608214175668
81	37,718698278	0,506716	0,017094	2022,2420785	0,612686291702
81,5	37,196539651	0,512821	0,017094	1998,32955289	0,620017853516
82	36,935727563	0,53602	0,02442	1986,32325019	0,623765542632
82,5	36,674915475	0,527473	0,0537241	1974,27578902	0,627571895929
83	36,348365914	0,540904	0,0561661	1959,13412992	0,6324222426
83,5	35,891410309	0,515263	0,0622711	1937,83899765	0,639372002269
84	35,630598221	0,516484	0,0866911	1925,62924329	0,643426040769
84,5	35,369786133	0,505495	0,0866911	1913,37958809	0,647545321227
85	34,847627506	0,509158	0,113553	1888,73628729	0,655994173637
85,5	34,586280967	0,490842	0,148962	1876,34299176	0,660327032658
86	34,325468879	0,489621	0,173382	1863,9361208	0,664722350823
86,5	33,999453769	0,484737	0,246642	1848,3732494	0,670319157889
87	33,477295142	0,471306	0,326007	1823,32267244	0,679528653225
87,5	33,215948603	0,444444	0,387057	1810,72756839	0,684255335605
88	32,955136515	0,39072	0,493284	1798,12066261	0,689052757006
88,5	32,694324427	0,345543	0,56044	1785,47649808	0,693932404786
89	32,432977888	0,273504	0,614164	1772,76931301	0,698906502335
89,5	31,845616239	0,23199	0,661783	1744,0764331	0,710404645396
90	31,650007173	0,175824	0,689866	1734,48000941	0,714335128266
90,5	31,323457612	0,126984	0,730159	1718,41476106	0,721013359565
91	31,062645524	0,0940171	0,7558	1705,54347736	0,726454655921
91,5	30,540486897	0,047619	0,759463	1679,6686003	0,737645509226
92	30,279674809	0,021978	0,793651	1666,6920272	0,743388688358
92,5	30,01832827	0,00732601	0,789988	1653,65422131	0,749249742804
93	29,757516182	0,00610501	0,747253	1640,60877703	0,755207467709
93,5	29,170154533	0,00610501	0,671551	1611,1057235	0,769037054443
94	28,974545467	0,00610501	0,522589	1601,2425853	0,773774074819
94,5	28,713198928	0,00488401	0,362637	1588,0356806	0,780209169816
95	28,45238684	0,00610501	0,217338	1574,8228444	0,786755160688
95,5	27,865025191	0,00610501	0,115995	1544,94781297	0,801968836486
96	27,604213103	0,00610501	0,0769231	1531,62986259	0,808942180003
96,5	27,342866564	0,00610501	0,0561661	1518,25278708	0,816069636453
97	27,082054476	0,00610501	0,0695971	1504,87157552	0,823326069915
97,5	26,559895849	0,00488401	0,0647131	1477,98830397	0,838301627062
98	26,299083761	0,00488401	0,0573871	1464,51431728	0,846014262465
98,5	25,9725342	0,00610501	0,0500611	1447,6014733	0,855898548634
99	25,711722112	0,00610501	0,032967	1434,05954025	0,863980863573
99,5	25,450375573	0,00610501	0,018315	1420,46005107	0,872252619191
100	24,928751397	0,00610501	0,03663	1393,22861567	0,889301286281
100,5	24,667404858	0,00610501	0,013431	1379,54143372	0,898124528714
101	24,40659277	0,00610501	0,0525031	1365,85362704	0,90712502092
101,5	24,145246231	0,00610501	0,0500611	1352,10938294	0,916345981788
102	23,884434143	0,00610501	0,045177	1338,36519982	0,925756288471
102,5	23,297072494	0,00610501	0,04884	1307,31150752	0,947746572165
103	23,101463428	0,00610501	0,021978	1296,93903864	0,955326320732
103,5	22,774913867	0,00610501	0,02442	1279,58962882	0,968279182715
104	22,579304801	0,00610501	0,021978	1269,17707777	0,976223114724
104,5	21,991943152	0,00610501	0,020757	1237,82256366	1,00095121577
105	21,731131064	0,00610501	0,042735	1223,85800243	1,01237234838
105,5	21,469784525	0,00610501	0,046398	1209,83938801	1,02410287868
106	21,208972437	0,00610501	0,023199	1195,82434663	1,03610534732
106,5	20,68681381	0,00610501	0,046398	1167,69137372	1,06106804236
107	20,426001722	0,00610501	0,019536	1153,60282051	1,07402650026
107,5	20,099452161	0,00610501	0,015873	1135,92959323	1,09073661553
108	19,903843095	0,00610501	0,015873	1125,32530391	1,10101496491
108,5	19,577293534	0,00610501	0,00732601	1107,59335145	1,11864160106
109	19,316481446	0,00610501	0,032967	1093,40513599	1,1331572893
109,5	18,794322819	0,00610501	0,035409	1064,93184116	1,16345474153
110	18,533510731	0,00610501	0,023199	1050,67649549	1,17924023743
110,5	18,272164192	0,00610501	0,020757	1036,37010028	1,1955188592
111	18,011352104	0,00610501	0,00610501	1022,07146474	1,21224399932
111,5	17,750540016	0,00610501	0,00732601	1007,75165091	1,229469581
112	17,228381389	0,00610501	0,013431	979,020225955	1,26555097347
112,5	16,901831828	0,00610501	0,00976801	961,010579938	1,28926780398
113	16,706222762	0,00610501	0,031746	950,207490184	1,30392573496
113,5	16,380207652	0,00610501	0,023199	932,177791326	1,32914558953
114	15,858049025	0,00610501	0,023199	903,238080963	1,37173135867
114,5	15,596702486	0,00610501	0,01221	888,725095043	1,394131894
115	15,335890398	0,00610501	0,00610501	874,22335374	1,4172579521
115,5	15,009340837	0,00610501	0,00976801	856,040957222	1,44736065435
116	14,813731771	0,00610501	0,014652	845,136019425	1,46603620189
116,5	14,226370122	0,00610501	0,01221	812,332724293	1,52523708937
117	13,965558034	0,00610501	0,03663	797,739173243	1,55313922339
117,5	13,704211495	0,00610501	0,019536	783,099136835	1,58217515729
118	13,443399407	0,00610501	0,018315	768,472795771	1,61228869365
118,5	12,92124078	0,00610501	0,014652	739,142594133	1,67626654158
119	12,660428692	0,00610501	0,00610501	724,46936209	1,7102172498
119,5	12,399082153	0,00610501	0,01221	709,751004299	1,74568263024
120	12,138270065	0,00610501	0,010989	695,048023415	1,78261063734
120,5	11,812254955	0,00610501	0,00610501	676,649080162	1,83108207241
121	11,35529935	0,00610501	0,030525	650,823658933	1,90374148664
121,5	11,028749789	0,00610501	0,026862	632,342841991	1,95938013009
122	10,767937701	0,00610501	0,015873	617,567602959	2,00625809071
122,5	10,507125613	0,00610501	0,018315	602,779567347	2,05547776852
123	9,984966986	0,00488401	0,00732601	573,135966119	2,16179069757
123,5	9,723620447	0,00488401	0,00976801	558,280966024	2,21931263182
124	9,462808359	0,00610501	0,00976801	543,444764084	2,27990051958
124,5	9,201996271	0,00610501	0,010989	528,597301459	2,34393932126
125	8,940649732	0,00610501	0,023199	513,708427194	2,41187400169
125,5	8,353288083	0,00488401	0,026862	480,20798641	2,58013201584
126	8,092475995	0,00610501	0,028083	465,316060679	2,66270628654
126,5	7,831129456	0,00610501	0,023199	450,383947476	2,75098614625
127	7,570317368	0,00610501	0,00610501	435,47302814	2,84518195143
127,5	7,048158741	0,00610501	0,00976801	405,59382815	3,05478021116
128	6,787346653	0,00610501	0,00976801	390,656749326	3,17158221927
128,5	6,460797092	0,00488401	0,00610501	371,943416384	3,33115185113
129	6,265188026	0,00610501	0,028083	360,727967943	3,43472120297
129,5	5,873435443	0,00610501	0,020757	338,253917019	3,66292875754
130	5,482217311	0,00488401	0,035409	315,794745139	3,92343450635
130,5	5,15566775	0,00610501	0,029304	297,036768887	4,17120077303
131	4,960058684	0,00610501	0,00610501	285,795743505	4,3352640064
131,5	4,633509123	0,00610501	0,015873	267,022630992	4,64005614579
132	4,111884947	0,00610501	0,00610501	237,017069901	5,22747159316
132,5	3,850538408	0,00610501	0,00976801	221,976003422	5,58168442039
133	3,58972632	0,00610501	0,03663	206,961091293	5,98663252236
133,5	3,328379781	0,00610501	0,026862	191,911109497	6,45611399594
134	3,067567693	0,00610501	0,030525	176,887923894	7,00443519672
134,5	2,545409066	0,00610501	0,031746	146,800065378	8,44005073712
135	2,219393956	0,00610501	0,00976801	128,008060109	9,67907801233
135,5	1,958047417	0,00610501	0,019536	112,940627435	10,9703658298
136	1,697235329	0,00610501	0,021978	97,9016646594	12,6555560042
136,5	1,436423241	0,0549451	0,137973	82,8606732699	14,9528111601
137	0,914264614	0,650794	0,702076	52,7430220065	23,4912591821
137,5	0,587715053	4,42735	1,42125	33,9055448453	36,5426954693
138	0,392105987	4,99756	1,85958	22,6209902635	54,772137982
138,5	0,065556426	4,99756	1,75458	3,7820450984	327,600535627
139	-0,45606775	4,89133	1,1746	-26,3109364791	-47,0906841717
139,5	-0,717414289	1,14896	0,304029	-41,3875962177	-29,9365054565
140	-0,978226377	0,0500611	0,017094	-56,4325660859	-21,9554077714
140,5	-1,239572916	0,00610501	0,018315	-71,5071926643	-17,3269282968
141	-1,500385004	0,00610501	0,015873	-86,5495087845	-14,3155058579
141,5	-2,022543631	0,00610501	0,031746	-116,659263265	-10,6206739639
142	-2,283355719	0,00610501	0,040293	-131,695259034	-9,40808354899
142,5	-2,544702258	0,00610501	0,017094	-146,759328814	-8,44239347517
143	-2,805514346	0,00610501	0,020757	-161,789548831	-7,65809663819
143,5	-3,066326434	0,00610501	0,014652	-176,816416417	-7,00726790591
144	-3,653688083	0,00610501	0,00732601	-210,643769077	-5,88196843149
144,5	-3,915034622	0,00610501	0,013431	-225,688343314	-5,48987148298
145	-4,17584671	0,00610501	0,014652	-240,697470497	-5,14754059293
145,5	-4,436658798	0,00610501	0,029304	-255,701610203	-4,845491583
146	-4,958817425	0,00610501	0,037851	-285,724401558	-4,33634646969
146,5	-5,220163964	0,00610501	0,018315	-300,742406818	-4,11980476286
147	-5,480976052	0,00610501	0,031746	-315,723462572	-3,92432032104
147,5	-5,807525613	0,00610501	0,021978	-334,471221111	-3,7043545806
148	-6,003134679	0,00488401	0,00732601	-345,696301726	-3,58407074017
148,5	-6,525293306	0,00610501	0,017094	-375,640429677	-3,29836700769
149	-6,786105394	0,00610501	0,00732601	-390,58564106	-3,17215962327
149,5	-7,112654955	0,00610501	0,013431	-409,286333812	-3,02722054866
150	-7,373467043	0,00610501	0,031746	-424,212882343	-2,92070338165
150,5	-7,89562567	0,00610501	0,023199	-454,069841005	-2,72865512771
151	-8,156437758	0,00610501	0,042735	-468,969072532	-2,64196526502
151,5	-8,482987319	0,00610501	0,031746	-487,609906531	-2,54096560264
152	-8,743799407	0,00610501	0,00610501	-502,486818871	-2,46573632077
152,5	-9,265958034	0,00610501	0,01221	-532,239530464	-2,32789924288
153	-9,526770122	0,00488401	0,00610501	-547,084259974	-2,26473340699
153,5	-9,788116661	0,00610501	0,00732601	-561,948037833	-2,20483019173
154	-10,048928749	0,00610501	0,013431	-576,769763608	-2,14817086154
154,5	-10,309740837	0,00610501	0,00854701	-591,579538172	-2,09439292615
155	-10,831899464	0,00488401	0,021978	-621,192290355	-1,99455147663
155,5	-11,158449025	0,00610501	0,035409	-639,685561222	-1,93688911413
156	-11,354058091	0,00610501	0,020757	-650,753450497	-1,90394687735
156,5	-11,680607652	0,00610501	0,019536	-669,21320844	-1,8514278923
157	-11,94141974	0,00610501	0,00854701	-683,941259519	-1,81155908166
157,5	-12,463578367	0,00488401	0,00610501	-713,38464773	-1,73679094994
158	-12,724390455	0,00610501	0,018315	-728,069238136	-1,70176122696
158,5	-13,050940016	0,00610501	0,010989	-746,433762295	-1,65989276288
159	-13,246549082	0,00488401	0,025641	-757,422869061	-1,63581012749
159,5	-13,833910731	0,00610501	0,034188	-790,36664743	-1,56762687802
160	-14,029519797	0,00610501	0,019536	-801,319648706	-1,54619944987
160,5	-14,356069358	0,00610501	0,031746	-819,583703184	-1,51174309004
161	-14,551678424	0,00610501	0,010989	-830,511488624	-1,49185172869
161,5	-15,139040073	0,00610501	0,00610501	-863,266018918	-1,43524704187
162	-15,399852161	0,00610501	0,014652	-877,781460309	-1,41151306564
162,5	-15,6611987	0,00610501	0,00610501	-892,308401851	-1,38853337863
163	-15,922010788	0,00610501	0,019536	-906,787127739	-1,3663625807
163,5	-16,248560349	0,00732601	0,026862	-924,888678995	-1,33962067883
164	-16,704981503	0,00610501	0,015873	-950,138902486	-1,30401986147
164,5	-17,031531064	0,00610501	0,040293	-968,167436319	-1,27973731973
165	-17,292343152	0,00610501	0,030525	-982,544096758	-1,2610121053
165,5	-17,553689691	0,00610501	0,00976801	-996,929795506	-1,24281569834
166	-18,075313867	0,00610501	0,023199	-1025,58004485	-1,20809682893
166,5	-18,336660406	0,00610501	0,00610501	-1039,90270909	-1,19145761346
167	-18,597472494	0,00610501	0,00610501	-1054,17451399	-1,17532721913
167,5	-18,858819033	0,00610501	0,017094	-1068,45365351	-1,15961978877
168	-19,250037165	0,00610501	0,00610501	-1089,78692458	-1,13691949504
168,5	-19,70699277	0,00610501	0,02442	-1114,64048277	-1,11156917333
169	-19,967804858	0,00610501	0,028083	-1128,79422557	-1,09763141229
169,5	-20,229151397	0,00610501	0,029304	-1142,95351012	-1,08403359282
170	-20,685572551	0,00610501	0,046398	-1167,62438044	-1,0611289219
170,5	-21,012122112	0,00610501	0,045177	-1185,2299407	-1,04536677437
171	-21,2729342	0,00610501	0,025641	-1199,26371087	-1,03313390439
171,5	-21,599483761	0,00610501	0,032967	-1216,79961262	-1,01824490011
172	-21,925498871	0,00610501	0,015873	-1234,26738642	-1,00383435034
172,5	-22,317251454	0,00610501	0,019536	-1255,20444032	-0,98709019838
173	-22,578063542	0,00610501	0,028083	-1269,11095642	-0,976273976468
173,5	-22,904613103	0,00610501	0,020757	-1286,48548967	-0,963088981533
174	-23,100222169	0,00610501	0,031746	-1296,8731706	-0,95537484165
174,5	-23,361034257	0,00610501	0,041514	-1310,69987755	-0,945296494817
175	-23,948395906	0,00610501	0,040293	-1341,7384117	-0,923428880915
175,5	-24,209742445	0,00610501	0,0610501	-1355,50387181	-0,9140512438
176	-24,470554533	0,00610501	0,047619	-1369,21306579	-0,904899340327
176,5	-24,731901072	0,00610501	0,039072	-1382,92189354	-0,895929123536
177	-25,253525248	0,00610501	0,042735	-1410,19717269	-0,878600541823
177,5	-25,514871787	0,00610501	0,020757	-1423,81894875	-0,87019490862
178	-25,775683875	0,00610501	0,025641	-1437,38333552	-0,861983000207
178,5	-26,037030414	0,00610501	0,030525	-1450,94564243	-0,853925856192
179	-26,55865459	0,00488401	0,026862	-1477,92425077	-0,838337959033
179,5	-26,885204151	0,00610501	0,040293	-1494,75131857	-0,828900422839
180	-27,080813217	0,00610501	0,0573871	-1504,80781677	-0,823360954262
180,5	-27,407362778	0,00610501	0,0976801	-1521,5569855	-0,814297467535
181	-27,668174866	0,00610501	0,196581	-1534,8989151	-0,807219281874
181,5	-28,190333493	0,00610501	0,302808	-1561,51426087	-0,793460572888
182	-28,451145581	0,00610501	0,39072	-1574,75988352	-0,786786616146
182,5	-28,71249212	0,00488401	0,45177	-1587,99991779	-0,780226740643
183	-28,973304208	0,00610501	0,473748	-1601,17993795	-0,773804349302
183,5	-29,560665857	0,00610501	0,499389	-1630,74008136	-0,759777731693
184	-29,756274923	0,00732601	0,504274	-1640,54660955	-0,75523608582
184,5	-30,082824484	0,015873	0,503053	-1656,87495487	-0,747793305919
185	-30,27843355	0,0561661	0,520147	-1666,63018621	-0,7434162721
185,5	-30,604983111	0,0879121	0,506716	-1682,87221953	-0,736241281793
186	-31,126607287	0,118437	0,482295	-1708,70332214	-0,725111248948
186,5	-31,387953826	0,161172	0,468864	-1721,59221938	-0,719682620573
187	-31,583562892	0,189255	0,413919	-1731,21570092	-0,715682048945
187,5	-31,910112453	0,234432	0,380952	-1747,23611475	-0,709119957825
188	-32,431736629	0,26862	0,349206	-1772,70887233	-0,698930331619
188,5	-32,75828619	0,310134	0,258852	-1788,58079709	-0,692728000893
189	-32,953895256	0,343101	0,21978	-1798,06057443	-0,689075783997
189,5	-33,280444817	0,365079	0,155067	-1813,83935349	-0,683081441371
190	-33,671662949	0,384615	0,10989	-1832,66527891	-0,676064535219
190,5	-34,063415532	0,399267	0,0940171	-1851,4313047	-0,669211975001
191	-34,32422762	0,417582	0,0781441	-1863,87698137	-0,664743441968
191,5	-34,585574159	0,423687	0,0683761	-1876,30942122	-0,660338847093
192	-34,846386247	0,438339	0,0659341	-1888,67751831	-0,656014585861
192,5	-35,368544874	0,434676	0,0525031	-1913,32119444	-0,647565084002
193	-35,629356962	0,437118	0,0500611	-1925,57103893	-0,64344548965
193,5	-35,890703501	0,43956	0,029304	-1937,80596302	-0,639382901923
194	-36,151515589	0,433455	0,00976801	-1949,97567269	-0,635392542251
194,5	-36,673674216	0,42735	0,015873	-1974,21835463	-0,627590153385
195	-36,934486304	0,411477	0,00854701	-1986,2660111	-0,623783517957
195,5	-37,195832843	0,399267	0,00854701	-1998,29707132	-0,620027931674
196	-37,456644931	0,404151	0,013431	-2010,2620793	-0,616337547605
196,5	-37,717457019	0,393162	0,00732601	-2022,18543277	-0,612703454353
197	-38,239615646	0,396825	0,00732601	-2045,9304062	-0,605592446472
197,5	-38,566165207	0,393162	0,019536	-2060,69389167	-0,601253783985
198	-38,826977295	0,374847	0,014652	-2072,43729217	-0,597846798395
198,5	-39,088323834	0,3663	0,031746	-2084,16168193	-0,594483628954
199	-39,60994801	0,355311	0,028083	-2107,43262185	-0,58791915203
199,5	-39,871294549	0,344322	0,019536	-2119,02637437	-0,584702491195
200	-40,132106637	0,327228	0,031746	-2130,55246474	-0,581539305184
200,5	-40,458656198	0,300366	0,01221	-2144,92142834	-0,577643536788
201	-40,915077352	0,283272	0,00732601	-2164,88820303	-0,57231592757
201,5	-41,241626913	0,282051	0,015873	-2179,0893338	-0,568586143203
202	-41,502439001	0,266178	0,00610501	-2190,38082354	-0,565655061752
202,5	-41,76378554	0,257631	0,013431	-2201,64992507	-0,562759767524
203	-42,024597628	0,240537	0,019536	-2212,85031456	-0,559911346848
203,5	-42,546756255	0,249084	0,017094	-2235,13602117	-0,554328679895
204	-42,807568343	0,236874	0,043956	-2246,19806607	-0,551598729744
204,5	-43,134117904	0,224664	0,026862	-2259,98264471	-0,548234298569
205	-43,32972697	0,202686	0,018315	-2268,20472637	-0,546246988023
205,5	-43,721479553	0,205128	0,028083	-2284,59176629	-0,542328838912
206	-44,177900707	0,186813	0,00732601	-2303,54913994	-0,537865669335
206,5	-44,439247246	0,186813	0,00732601	-2314,33838565	-0,535358186029
207	-44,700059334	0,192918	0,014652	-2325,05756322	-0,532890032316
207,5	-44,961405873	0,190476	0,00610501	-2335,7503806	-0,530450518297
208	-45,483030049	0,189255	0,017094	-2356,94676615	-0,525680095025
208,5	-45,80957961	0,179487	0,02442	-2370,11690827	-0,522759023268
209	-46,005188676	0,169719	0,025641	-2377,9692168	-0,521032817097
209,5	-46,331738237	0,15873	0,031746	-2391,01605031	-0,518189746088
210	-46,527347303	0,148962	0,017094	-2398,79416937	-0,516509509577
210,5	-47,114708952	0,123321	0,015873	-2421,98139333	-0,511564623664
211	-47,310318018	0,120879	0,015873	-2429,64705753	-0,509950610382
211,5	-47,636867579	0,120879	0,00610501	-2442,38096619	-0,507291866891
212	-47,897679667	0,111111	0,00732601	-2452,49445382	-0,505199919237
212,5	-48,485041316	0,114774	0,017094	-2475,08411705	-0,500589047243
213	-48,680650382	0,107448	0,021978	-2482,54953375	-0,499083697286
213,5	-49,007199943	0,100122	0,037851	-2494,94777673	-0,496603580867
214	-49,202809009	0,0732601	0,034188	-2502,33576022	-0,495137391111
214,5	-49,790170658	0,0610501	0,01221	-2524,34427727	-0,490820531556
215	-49,985779724	0,0512821	0,013431	-2531,61500273	-0,489410909109
215,5	-50,312329285	0,0537241	0,00732601	-2543,68695526	-0,487088239156
216	-50,507938351	0,046398	0,015873	-2550,878726	-0,485714976323
216,5	-51,030096978	0,045177	0,010989	-2569,93059049	-0,482114188059
217	-51,356112088	0,025641	0,029304	-2581,7176833	-0,479913047044
217,5	-51,617458627	0,017094	0,039072	-2591,10633803	-0,478174122696
218	-51,878270715	0,00976801	0,015873	-2600,42204803	-0,476461119432
218,5	-52,204820276	0,00732601	0,00976801	-2612,00978577	-0,474347380608
219	-52,400429342	0,015873	0,015873	-2618,91043925	-0,473097507052
219,5	-52,922587969	0,010989	0,00610501	-2637,18132144	-0,469819799621
220	-53,183400057	0,013431	0,013431	-2646,22548326	-0,468214068619
220,5	-53,509949618	0,00732601	0,019536	-2657,47189193	-0,466232588861
221	-53,770761706	0,00610501	0,014652	-2666,3923063	-0,464672807925
221,5	-54,292920333	0,00732601	0,029304	-2684,08519658	-0,461609788533
222	-54,553732421	0,00732601	0,029304	-2692,83919641	-0,460109167176
222,5	-54,81507896	0,00610501	0,032967	-2701,55516486	-0,458624727015
223	-55,075891048	0,00610501	0,02442	-2710,19727325	-0,457162293029
223,5	-55,663252697	0,00610501	0,00610501	-2729,45381094	-0,453936972677
224	-55,858861763	0,00610501	0,00976801	-2735,80324575	-0,452883445447
224,5	-56,185411324	0,00610501	0,01221	-2746,3318992	-0,451147219446
225	-56,38102039	0,00610501	0,00732601	-2752,59605032	-0,450120532526
225,5	-56,968382039	0,00610501	0,031746	-2771,212523	-0,447096709371
226	-57,163991105	0,00610501	0,028083	-2777,34781951	-0,44610905098
226,5	-57,490540666	0,00610501	0,029304	-2787,51791304	-0,444481448605
227	-57,751352754	0,00610501	0,030525	-2795,57564859	-0,443200312117
227,5	-58,012699293	0,00488401	0,00610501	-2803,59179065	-0,441933096014
228	-58,208308359	0,00610501	0,010989	-2809,5534434	-0,440995348535
228,5	-58,86087303	0,00610501	0,00854701	-2829,20467127	-0,437932261523
229	-59,056482096	0,00488401	0,00976801	-2835,02383386	-0,437033362896
229,5	-59,317828635	0,00610501	0,02442	-2842,74703787	-0,435846026219
230	-59,578640723	0,00610501	0,019536	-2850,39548338	-0,434676523741
230,5	-59,839452811	0,00610501	0,046398	-2857,98486602	-0,43352223965
231	-60,361611438	0,00610501	0,019536	-2873,0010628	-0,431256366746
231,5	-60,688160999	0,00610501	0,01221	-2882,2707545	-0,429869400043
232	-60,883770065	0,00610501	0,013431	-2887,7786475	-0,429049505256
232,5	-61,144582153	0,00610501	0,00610501	-2895,07013596	-0,427968906387
233	-61,66674078	0,00610501	0,018315	-2909,48763088	-0,425848175758
233,5	-61,993290341	0,00610501	0,023199	-2918,38136081	-0,424550408881
234	-62,254102429	0,00610501	0,025641	-2925,41662131	-0,423529418331
234,5	-62,515448968	0,00610501	0,039072	-2932,4054944	-0,422520010403
235	-63,037073144	0,00610501	0,00854701	-2946,17210209	-0,420545696948
235,5	-63,298419683	0,00610501	0,014652	-2952,97776061	-0,419576475153
236	-63,559231771	0,00610501	0,00732601	-2959,70825056	-0,418622342174
236,5	-63,885781332	0,00610501	0,00732601	-2968,04867613	-0,417445983943
237	-64,081390398	0,00610501	0,021978	-2972,99858564	-0,416750955074
237,5	-64,668752047	0,00610501	0,020757	-2987,6533662	-0,414706744101
238	-64,929564135	0,00610501	0,026862	-2994,06010424	-0,41381934793
238,5	-65,190910674	0,00610501	0,037851	-3000,41774019	-0,412942499108
239	-65,38651974	0,00610501	0,019536	-3005,13537558	-0,41229423808
239,5	-65,778272323	0,00610501	0,013431	-3014,47816244	-0,411016412538
240	-66,234693477	0,00610501	0,017094	-3025,18543997	-0,409561669718
240,5	-66,496040016	0,00610501	0,00610501	-3031,23003304	-0,40874496046
241	-66,756852104	0,00610501	0,015873	-3037,19939078	-0,407941606916
241,5	-67,017664192	0,00610501	0,00854701	-3043,1058149	-0,407149825002
242	-67,279010731	0,00610501	0,025641	-3048,9610923	-0,406367927465
242,5	-67,86637238	0,00610501	0,030525	-3061,8888222	-0,404652184304
243	-68,061981446	0,00610501	0,018315	-3066,1227864	-0,40409340601
243,5	-68,388531007	0,00610501	0,026862	-3073,11130933	-0,403174462389
244	-68,584140073	0,00610501	0,00854701	-3077,24976758	-0,402632250736
244,5	-69,1062987	0,00610501	0,00610501	-3088,12117317	-0,401214826272
245	-69,367110788	0,00610501	0,017094	-3093,45531966	-0,400522998385
245,5	-69,693660349	0,00610501	0,00976801	-3100,0435508	-0,399671804508
246	-69,954472437	0,00610501	0,031746	-3105,23318872	-0,399003850822
246,5	-70,215284525	0,00610501	0,041514	-3110,3584833	-0,398346366392
247	-70,737443152	0,00610501	0,021978	-3120,42579091	-0,3970611971
247,5	-70,998789691	0,00488401	0,02442	-3125,36733006	-0,39643340099
248	-71,259601779	0,00610501	0,00732601	-3130,233937	-0,395817061899
248,5	-71,585616889	0,00610501	0,017094	-3136,22597266	-0,395060818577
249	-71,781760406	0,00610501	0,035409	-3139,78210698	-0,39461337054
249,5	-72,303919033	0,00610501	0,030525	-3149,06950785	-0,393449556102
250	-72,564731121	0,00610501	0,041514	-3153,61055875	-0,392883007244
250,5	-72,890746231	0,00610501	0,029304	-3159,19496899	-0,392188520228
251	-73,086889748	0,00610501	0,00732601	-3162,50550069	-0,391777974688
251,5	-73,412904858	0,00610501	0,021978	-3167,92600397	-0,391107620079
252	-73,869860463	0,00610501	0,00610501	-3175,35092499	-0,390193093384
252,5	-74,195875573	0,00610501	0,023199	-3180,52481233	-0,389558350621
253	-74,39201909	0,00610501	0,037851	-3183,58802372	-0,389183522105
253,5	-74,783237222	0,00610501	0,030525	-3189,58629747	-0,388451631167
254	-74,979380739	0,00610501	0,028083	-3192,5376783	-0,388092522265
254,5	-75,566742388	0,00610501	0,00854701	-3201,15182855	-0,387048183391
255	-75,762351454	0,00610501	0,00854701	-3203,94597023	-0,386710641038
255,5	-76,088366564	0,00610501	0,017094	-3208,51987112	-0,38615936624
256	-76,284510081	0,00488401	0,010989	-3211,22166911	-0,385834466652
256,5	-76,87187173	0,00610501	0,03663	-3219,087133	-0,384891725141
257	-77,067480796	0,00610501	0,029304	-3221,63151738	-0,384587744848
257,5	-77,393495906	0,00610501	0,017094	-3225,78869946	-0,384092113723
258	-77,654842445	0,00610501	0,017094	-3229,04584731	-0,383704678901
258,5	-77,915654533	0,00610501	0,00610501	-3232,22935696	-0,383326757841
259	-78,43781316	0,00610501	0,010989	-3238,40156729	-0,382596158708
259,5	-78,698625248	0,00610501	0,021978	-3241,38382255	-0,382244148743
260	-78,959971787	0,00610501	0,019536	-3244,30481784	-0,381899996938
260,5	-79,285986897	0,00610501	0,03663	-3247,853967	-0,381482669045
261	-79,547333436	0,00610501	0,020757	-3250,6231749	-0,381157683723
261,5	-80,068957612	0,00610501	0,013431	-3255,948003	-0,380534332507
262	-80,330304151	0,00610501	0,014652	-3258,51442399	-0,380234621912
262,5	-80,591116239	0,00610501	0,00610501	-3261,00800804	-0,379943869179
263	-80,852462778	0,00610501	0,00854701	-3263,43892289	-0,379660851414
263,5	-81,374086954	0,00610501	0,018315	-3268,08775826	-0,379120786114
264	-81,570230471	0,00610501	0,013431	-3269,76577805	-0,37892622411
264,5	-81,961448603	0,00610501	0,026862	-3272,99821732	-0,378551993534
265	-82,15759212	0,00610501	0,029304	-3274,56143074	-0,378371280004
265,5	-82,744953769	0,00610501	0,023199	-3279,01295921	-0,377857610023
266	-83,005765857	0,00610501	0,018315	-3280,87916435	-0,377642679884
266,5	-83,266577945	0,00610501	0,00732601	-3282,6773866	-0,377435810494
267	-83,527924484	0,00610501	0,00854701	-3284,41106432	-0,377236580847
267,5	-83,788736572	0,00610501	0,00976801	-3286,07307091	-0,377045784821
268	-84,310895199	0,00610501	0,01221	-3289,19583617	-0,37668781724
268,5	-84,571707287	0,00610501	0,031746	-3290,65333384	-0,3765209745
269	-84,833053826	0,00610501	0,025641	-3292,04542301	-0,376361757143
269,5	-85,159068936	0,00610501	0,015873	-3293,68595907	-0,376174296941
270	-85,616024541	0,00610501	0,00976801	-3295,80590384	-0,375932332227
270,5	-85,942039651	0,00610501	0,00610501	-3297,19025154	-0,375774494487
271	-86,138183168	0,00610501	0,010989	-3297,97169905	-0,375685455505
271,5	-86,464198278	0,00610501	0,01221	-3299,18504957	-0,375547288614
272	-86,660341795	0,00610501	0,019536	-3299,86358698	-0,375470066365
272,5	-87,247168993	0,00610501	0,039072	-3301,66269559	-0,375265469019
273	-87,508515532	0,00610501	0,023199	-3302,35247857	-0,375187084977
273,5	-87,76932762	0,00488401	0,019536	-3302,972353	-0,375116672979
274	-88,030674159	0,00610501	0,00854701	-3303,52484647	-0,375053937108
274,5	-88,356689269	0,00610501	0,00732601	-3304,11770131	-0,374986641519
275	-88,813644874	0,00610501	0,017094	-3304,76861406	-0,374912783524
275,5	-89,139659984	0,00610501	0,00976801	-3305,10452652	-0,374874679472
276	-89,335803501	0,00610501	0,021978	-3305,25506851	-0,374857605334
276,5	-89,661818611	0,00610501	0,034188	-3305,41958976	-0,374838947479
277	-90,183977238	0,00610501	0,034188	-3305,46012715	-0,374834350541
277,5	-90,444789326	0,00610501	0,030525	-3305,37756642	-0,374843713041
278	-90,706135865	0,00610501	0,021978	-3305,22613532	-0,374860886751
278,5	-90,966947953	0,00488401	0,00610501	-3305,00645634	-0,37488580321
279	-91,358700536	0,00610501	0,00976801	-3304,5478034	-0,374937835284
279,5	-91,749918668	0,00488401	0,00854701	-3303,93560627	-0,375007308753
280	-92,011265207	0,00610501	0,025641	-3303,44081519	-0,375063477542
280,5	-92,337280317	0,00610501	0,032967	-3302,72724643	-0,375144511657
281	-92,598626856	0,00610501	0,029304	-3302,07800242	-0,375218271371
281,5	-93,120251032	0,00610501	0,025641	-3300,57677793	-0,37538893453
282	-93,316394549	0,00610501	0,010989	-3299,94149988	-0,375461201371
282,5	-93,642409659	0,00610501	0,00732601	-3298,80003199	-0,375591120403
283	-93,903756198	0,00610501	0,013431	-3297,80785835	-0,375704120197
283,5	-94,229771308	0,00610501	0,00610501	-3296,4739983	-0,375856142242
284	-94,686726913	0,00610501	0,019536	-3294,42478223	-0,376089934329
284,5	-95,012742023	0,00610501	0,035409	-3292,83467912	-0,376271547387
285	-95,274088562	0,00610501	0,023199	-3291,4830006	-0,376426066844
285,5	-95,53490065	0,00610501	0,030525	-3290,06581374	-0,376588211343
286	-95,796247189	0,00610501	0,014652	-3288,57733989	-0,376758662468
286,5	-96,383074387	0,00610501	0,00732601	-3284,98586889	-0,377170572249
287	-96,579217904	0,00610501	0,015873	-3283,70858366	-0,377317282711
287,5	-96,905233014	0,00610501	0,01221	-3281,50044391	-0,377571181592
288	-97,101376531	0,00610501	0,028083	-3280,12074693	-0,377729997031
288,5	-97,688203729	0,00610501	0,029304	-3275,76345443	-0,378232438708
289	-97,884347246	0,00610501	0,00732601	-3274,23040964	-0,378409532924
289,5	-98,210362356	0,00488401	0,013431	-3271,59741266	-0,378714078696
290	-98,471708895	0,00610501	0,00610501	-3269,41020431	-0,378967435279
290,5	-98,993333071	0,00610501	0,00610501	-3264,84140524	-0,379497759986
291	-99,25467961	0,00610501	0,025641	-3262,45054727	-0,379775871557
291,5	-99,58069472	0,00610501	0,013431	-3259,37294174	-0,380134468238
292	-99,842041259	0,00610501	0,029304	-3256,82960281	-0,380431324663
292,5	-100,102853347	0,00610501	0,032967	-3254,22391124	-0,380735940056
293	-100,559808952	0,00488401	0,017094	-3249,49607902	-0,381289889223
293,5	-100,885824062	0,00488401	0,015873	-3245,99665324	-0,381700948078
294	-101,147170601	0,00488401	0,00732601	-3243,11547869	-0,382040050113
294,5	-101,407982689	0,00488401	0,00732601	-3240,17292681	-0,382386998468
295	-101,669329228	0,00610501	0,019536	-3237,15699922	-0,38274325289
295,5	-102,190953404	0,00610501	0,019536	-3230,93617456	-0,383480184398
296	-102,452299943	0,00610501	0,040293	-3227,71865928	-0,383862452336
296,5	-102,713112031	0,00610501	0,025641	-3224,44077385	-0,384252677255
297	-102,97445857	0,00610501	0,010989	-3221,08915254	-0,384652501475
297,5	-103,496082746	0,00610501	0,014652	-3214,19931985	-0,385477027622
298	-103,757429285	0,00488401	0,00610501	-3210,64713325	-0,385903510594
298,5	-104,018241373	0,00488401	0,00976801	-3207,035615	-0,386338085615
299	-103,953038351	0,00610501	0,034188	-3207,94472746	-0,386228599699
299,5	-104,018241373	0,00610501	0,019536	-3207,035615	-0,386338085615
300	-103,953038351	0,00610501	0,040293	-3207,94472746	-0,386228599699
300,5	-104,018241373	0,00610501	0,020757	-3207,035615	-0,386338085615
301	-103,953038351	0,00610501	0,017094	-3207,94472746	-0,386228599699
301,5	-103,953038351	0,00610501	0,020757	-3207,94472746	-0,386228599699
302	-103,887835329	0,00610501	0,00610501	-3208,84968543	-0,386119675728
302,5	-103,953038351	0,00610501	0,00976801	-3207,94472746	-0,386228599699
303	-103,953038351	0,00610501	0,018315	-3207,94472746	-0,386228599699
303,5	-103,953038351	0,00610501	0,017094	-3207,94472746	-0,386228599699
304	-103,953038351	0,00488401	0,034188	-3207,94472746	-0,386228599699
304,5	-104,018241373	0,00610501	0,017094	-3207,035615	-0,386338085615
305	-103,953038351	0,00488401	0,00732601	-3207,94472746	-0,386228599699
305,5	-103,953038351	0,00610501	0,014652	-3207,94472746	-0,386228599699
306	-103,953038351	0,00610501	0,00732601	-3207,94472746	-0,386228599699
306,5	-103,953038351	0,00610501	0,017094	-3207,94472746	-0,386228599699
307	-103,887835329	0,00610501	0,031746	-3208,84968543	-0,386119675728
307,5	-103,953038351	0,00610501	0,018315	-3207,94472746	-0,386228599699
308	-103,887835329	0,00610501	0,020757	-3208,84968543	-0,386119675728
308,5	-103,953038351	0,00610501	0,00854701	-3207,94472746	-0,386228599699
309	-103,953038351	0,00610501	0,00976801	-3207,94472746	-0,386228599699
309,5	-103,953038351	0,00610501	0,015873	-3207,94472746	-0,386228599699
310	-103,887835329	0,00610501	0,00610501	-3208,84968543	-0,386119675728
310,5	-104,018241373	0,00610501	0,023199	-3207,035615	-0,386338085615
311	-103,887835329	0,00610501	0,025641	-3208,84968543	-0,386119675728
311,5	-103,953038351	0,00610501	0,021978	-3207,94472746	-0,386228599699
312	-103,953038351	0,00610501	0,026862	-3207,94472746	-0,386228599699
312,5	-104,018241373	0,00610501	0,00732601	-3207,035615	-0,386338085615
313	-103,953038351	0,00610501	0,014652	-3207,94472746	-0,386228599699
313,5	-103,953038351	0,00610501	0,00976801	-3207,94472746	-0,386228599699
314	-103,953038351	0,00488401	0,00732601	-3207,94472746	-0,386228599699
314,5	-103,953038351	0,00610501	0,00976801	-3207,94472746	-0,386228599699
315	-103,953038351	0,00610501	0,019536	-3207,94472746	-0,386228599699
315,5	-103,953038351	0,00610501	0,017094	-3207,94472746	-0,386228599699
316	-103,887835329	0,00610501	0,039072	-3208,84968543	-0,386119675728
316,5	-103,953038351	0,00610501	0,029304	-3207,94472746	-0,386228599699
317	-103,953038351	0,00610501	0,02442	-3207,94472746	-0,386228599699
317,5	-103,953038351	0,00610501	0,01221	-3207,94472746	-0,386228599699
318	-103,953038351	0,00610501	0,00610501	-3207,94472746	-0,386228599699
318,5	-103,953038351	0,00488401	0,00854701	-3207,94472746	-0,386228599699
319	-103,887835329	0,00610501	0,00976801	-3208,84968543	-0,386119675728
319,5	-103,953038351	0,00610501	0,021978	-3207,94472746	-0,386228599699
320	-103,887835329	0,00610501	0,039072	-3208,84968543	-0,386119675728
320,5	-104,018241373	0,00610501	0,021978	-3207,035615	-0,386338085615
321	-103,953038351	0,00610501	0,01221	-3207,94472746	-0,386228599699
321,5	-103,953038351	0,00610501	0,00854701	-3207,94472746	-0,386228599699
322	-103,887835329	0,00610501	0,00732601	-3208,84968543	-0,386119675728
322,5	-104,018241373	0,00610501	0,020757	-3207,035615	-0,386338085615
323	-103,953038351	0,00488401	0,010989	-3207,94472746	-0,386228599699
323,5	-103,953038351	0,00610501	0,026862	-3207,94472746	-0,386228599699
324	-103,887835329	0,00610501	0,025641	-3208,84968543	-0,386119675728
324,5	-103,953038351	0,00610501	0,019536	-3207,94472746	-0,386228599699
325	-103,953038351	0,00610501	0,01221	-3207,94472746	-0,386228599699
325,5	-103,953038351	0,00610501	0,00610501	-3207,94472746	-0,386228599699
326	-103,887835329	0,00610501	0,00976801	-3208,84968543	-0,386119675728
326,5	-103,953038351	0,00610501	0,020757	-3207,94472746	-0,386228599699
327	-103,953038351	0,00488401	0,032967	-3207,94472746	-0,386228599699
327,5	-103,953038351	0,00610501	0,031746	-3207,94472746	-0,386228599699
328	-103,953038351	0,00610501	0,00732601	-3207,94472746	-0,386228599699
328,5	-103,953038351	0,00488401	0,01221	-3207,94472746	-0,386228599699
329	-103,887835329	0,00488401	0,00732601	-3208,84968543	-0,386119675728
329,5	-103,953038351	0,00610501	0,00854701	-3207,94472746	-0,386228599699
330	-103,953038351	0,00610501	0,028083	-3207,94472746	-0,386228599699
330,5	-104,018241373	0,00610501	0,02442	-3207,035615	-0,386338085615
331	-103,953038351	0,00610501	0,032967	-3207,94472746	-0,386228599699
331,5	-103,953038351	0,00610501	0,019536	-3207,94472746	-0,386228599699
332	-103,953038351	0,00610501	0,00732601	-3207,94472746	-0,386228599699
332,5	-104,018241373	0,00610501	0,014652	-3207,035615	-0,386338085615
333	-103,953038351	0,00610501	0,00610501	-3207,94472746	-0,386228599699
333,5	-103,953038351	0,00610501	0,01221	-3207,94472746	-0,386228599699
334	-103,953038351	0,00610501	0,026862	-3207,94472746	-0,386228599699
334,5	-104,018241373	0,00610501	0,028083	-3207,035615	-0,386338085615
335	-103,887835329	0,00488401	0,030525	-3208,84968543	-0,386119675728
335,5	-103,953038351	0,00610501	0,00732601	-3207,94472746	-0,386228599699
336	-103,953038351	0,00610501	0,00732601	-3207,94472746	-0,386228599699
336,5	-103,953038351	0,00610501	0,014652	-3207,94472746	-0,386228599699
337	-103,953038351	0,00610501	0,00610501	-3207,94472746	-0,386228599699
337,5	-103,953038351	0,00610501	0,010989	-3207,94472746	-0,386228599699
338	-103,953038351	0,00610501	0,017094	-3207,94472746	-0,386228599699
338,5	-104,018241373	0,00610501	0,013431	-3207,035615	-0,386338085615
339	-103,887835329	0,00610501	0,035409	-3208,84968543	-0,386119675728
339,5	-103,953038351	0,00610501	0,023199	-3207,94472746	-0,386228599699
340	-103,887835329	0,00610501	0,00854701	-3208,84968543	-0,386119675728
340,5	-103,953038351	0,00610501	0,014652	-3207,94472746	-0,386228599699
341	-103,953038351	0,00610501	0,00610501	-3207,94472746	-0,386228599699
341,5	-103,953038351	0,00610501	0,00976801	-3207,94472746	-0,386228599699
342	-103,953038351	0,00610501	0,02442	-3207,94472746	-0,386228599699
342,5	-104,018241373	0,00610501	0,015873	-3207,035615	-0,386338085615
343	-103,953038351	0,00610501	0,040293	-3207,94472746	-0,386228599699
343,5	-103,953038351	0,00610501	0,014652	-3207,94472746	-0,386228599699
344	-103,887835329	0,00610501	0,00854701	-3208,84968543	-0,386119675728
344,5	-104,018241373	0,00610501	0,00854701	-3207,035615	-0,386338085615
345	-103,887835329	0,00610501	0,00610501	-3208,84968543	-0,386119675728
345,5	-104,018241373	0,00610501	0,014652	-3207,035615	-0,386338085615
346	-103,953038351	0,00610501	0,025641	-3207,94472746	-0,386228599699
346,5	-103,953038351	0,00610501	0,021978	-3207,94472746	-0,386228599699
347	-103,887835329	0,00610501	0,025641	-3208,84968543	-0,386119675728
347,5	-104,018241373	0,00610501	0,00732601	-3207,035615	-0,386338085615
348	-103,953038351	0,00610501	0,00732601	-3207,94472746	-0,386228599699
348,5	-104,018241373	0,00610501	0,013431	-3207,035615	-0,386338085615
349	-103,953038351	0,00610501	0,00610501	-3207,94472746	-0,386228599699
349,5	-104,018241373	0,00610501	0,013431	-3207,035615	-0,386338085615
350	-103,953038351	0,00610501	0,021978	-3207,94472746	-0,386228599699
350,5	-103,953038351	0,00610501	0,025641	-3207,94472746	-0,386228599699
351	-103,953038351	0,00610501	0,032967	-3207,94472746	-0,386228599699
351,5	-103,953038351	0,00610501	0,00732601	-3207,94472746	-0,386228599699
352	-103,953038351	0,00610501	0,00732601	-3207,94472746	-0,386228599699
352,5	-104,018241373	0,00610501	0,00854701	-3207,035615	-0,386338085615
353	-103,887835329	0,00610501	0,00610501	-3208,84968543	-0,386119675728
353,5	-103,953038351	0,00610501	0,014652	-3207,94472746	-0,386228599699
354	-103,953038351	0,00610501	0,020757	-3207,94472746	-0,386228599699
354,5	-104,018241373	0,00610501	0,019536	-3207,035615	-0,386338085615
355	-103,953038351	0,00610501	0,032967	-3207,94472746	-0,386228599699
355,5	-103,953038351	0,00610501	0,00610501	-3207,94472746	-0,386228599699
356	-103,953038351	0,00610501	0,010989	-3207,94472746	-0,386228599699
356,5	-103,953038351	0,00610501	0,00854701	-3207,94472746	-0,386228599699
357	-103,953038351	0,00610501	0,00732601	-3207,94472746	-0,386228599699
357,5	-104,018241373	0,00610501	0,021978	-3207,035615	-0,386338085615
358	-103,953038351	0,00610501	0,025641	-3207,94472746	-0,386228599699
358,5	-104,018241373	0,00610501	0,028083	-3207,035615	-0,386338085615
359	-103,887835329	0,00610501	0,028083	-3208,84968543	-0,386119675728
359,5	-104,018241373	0,00610501	0,00732601	-3207,035615	-0,386338085615
360	-103,887835329	0,00610501	0,014652	-3208,84968543	-0,386119675728
360,5	-104,018241373	0,00610501	0,00854701	-3207,035615	-0,386338085615
361	-103,887835329	0,00610501	0,01221	-3208,84968543	-0,386119675728
361,5	-103,953038351	0,00610501	0,029304	-3207,94472746	-0,386228599699
362	-103,953038351	0,00610501	0,018315	-3207,94472746	-0,386228599699
362,5	-103,953038351	0,00610501	0,029304	-3207,94472746	-0,386228599699
363	-103,953038351	0,00610501	0,010989	-3207,94472746	-0,386228599699
363,5	-104,018241373	0,00610501	0,00732601	-3207,035615	-0,386338085615
364	-103,887835329	0,00610501	0,010989	-3208,84968543	-0,386119675728
364,5	-104,018241373	0,00610501	0,00732601	-3207,035615	-0,386338085615
365	-103,953038351	0,00610501	0,010989	-3207,94472746	-0,386228599699
365,5	-103,953038351	0,00610501	0,030525	-3207,94472746	-0,386228599699
366	-103,887835329	0,00488401	0,023199	-3208,84968543	-0,386119675728
366,5	-103,953038351	0,00610501	0,020757	-3207,94472746	-0,386228599699
367	-103,887835329	0,00610501	0,023199	-3208,84968543	-0,386119675728
367,5	-104,018241373	0,00610501	0,00976801	-3207,035615	-0,386338085615
368	-103,953038351	0,00610501	0,013431	-3207,94472746	-0,386228599699
368,5	-104,018241373	0,00610501	0,00610501	-3207,035615	-0,386338085615
369	-103,953038351	0,00610501	0,00732601	-3207,94472746	-0,386228599699
369,5	-103,953038351	0,00610501	0,014652	-3207,94472746	-0,386228599699
370	-103,953038351	0,00610501	0,00732601	-3207,94472746	-0,386228599699
370,5	-104,018241373	0,00610501	0,018315	-3207,035615	-0,386338085615
371	-103,953038351	0,00610501	0,020757	-3207,94472746	-0,386228599699
371,5	-104,018241373	0,00610501	0,025641	-3207,035615	-0,386338085615
372	-103,953038351	0,00610501	0,042735	-3207,94472746	-0,386228599699
372,5	-103,953038351	0,00610501	0,017094	-3207,94472746	-0,386228599699
373	-103,953038351	0,00610501	0,010989	-3207,94472746	-0,386228599699
373,5	-104,018241373	0,00610501	0,015873	-3207,035615	-0,386338085615
374	-103,953038351	0,00610501	0,00610501	-3207,94472746	-0,386228599699
374,5	-104,018241373	0,00610501	0,00732601	-3207,035615	-0,386338085615
375	-103,953038351	0,00610501	0,013431	-3207,94472746	-0,386228599699
375,5	-103,953038351	0,00610501	0,00610501	-3207,94472746	-0,386228599699
376	-103,953038351	0,00610501	0,01221	-3207,94472746	-0,386228599699
376,5	-103,953038351	0,00610501	0,014652	-3207,94472746	-0,386228599699
377	-103,953038351	0,00610501	0,00854701	-3207,94472746	-0,386228599699
377,5	-104,018241373	0,00610501	0,018315	-3207,035615	-0,386338085615
378	-103,953038351	0,00610501	0,018315	-3207,94472746	-0,386228599699
378,5	-103,953038351	0,00610501	0,023199	-3207,94472746	-0,386228599699
379	-103,953038351	0,00610501	0,032967	-3207,94472746	-0,386228599699
379,5	-104,018241373	0,00610501	0,019536	-3207,035615	-0,386338085615
380	-103,953038351	0,00610501	0,020757	-3207,94472746	-0,386228599699
380,5	-103,953038351	0,00610501	0,018315	-3207,94472746	-0,386228599699
381	-103,953038351	0,00610501	0,00610501	-3207,94472746	-0,386228599699
381,5	-103,953038351	0,00610501	0,014652	-3207,94472746	-0,386228599699
382	-103,953038351	0,00610501	0,00976801	-3207,94472746	-0,386228599699
382,5	-104,018241373	0,00610501	0,00610501	-3207,035615	-0,386338085615
383	-103,953038351	0,00610501	0,010989	-3207,94472746	-0,386228599699
383,5	-104,018241373	0,00610501	0,00732601	-3207,035615	-0,386338085615
384	-103,953038351	0,00610501	0,00854701	-3207,94472746	-0,386228599699
384,5	-104,018241373	0,00488401	0,021978	-3207,035615	-0,386338085615
385	-103,953038351	0,00610501	0,017094	-3207,94472746	-0,386228599699
385,5	-104,018241373	0,00610501	0,034188	-3207,035615	-0,386338085615
386	-103,953038351	0,00610501	0,034188	-3207,94472746	-0,386228599699
386,5	-104,018241373	0,00610501	0,017094	-3207,035615	-0,386338085615
387	-103,887835329	0,00610501	0,025641	-3208,84968543	-0,386119675728
387,5	-104,018241373	0,00610501	0,025641	-3207,035615	-0,386338085615
388	-103,953038351	0,00610501	0,00610501	-3207,94472746	-0,386228599699
388,5	-104,018241373	0,00610501	0,010989	-3207,035615	-0,386338085615
389	-103,953038351	0,00610501	0,00610501	-3207,94472746	-0,386228599699
389,5	-104,018241373	0,00610501	0,00732601	-3207,035615	-0,386338085615
390	-103,953038351	0,00610501	0,013431	-3207,94472746	-0,386228599699
390,5	-104,018241373	0,00610501	0,00976801	-3207,035615	-0,386338085615
391	-103,953038351	0,00610501	0,018315	-3207,94472746	-0,386228599699
391,5	-103,953038351	0,00610501	0,026862	-3207,94472746	-0,386228599699
392	-103,953038351	0,00610501	0,019536	-3207,94472746	-0,386228599699
392,5	-103,953038351	0,00610501	0,031746	-3207,94472746	-0,386228599699
393	-103,887835329	0,00610501	0,030525	-3208,84968543	-0,386119675728
393,5	-103,953038351	0,00610501	0,020757	-3207,94472746	-0,386228599699
394	-103,887835329	0,00610501	0,028083	-3208,84968543	-0,386119675728
394,5	-104,018241373	0,00610501	0,00732601	-3207,035615	-0,386338085615
395	-103,953038351	0,00610501	0,00976801	-3207,94472746	-0,386228599699
395,5	-103,953038351	0,00610501	0,015873	-3207,94472746	-0,386228599699
396	-103,953038351	0,00610501	0,00610501	-3207,94472746	-0,386228599699
396,5	-104,018241373	0,00732601	0,020757	-3207,035615	-0,386338085615
397	-103,953038351	0,00610501	0,017094	-3207,94472746	-0,386228599699
397,5	-103,953038351	0,00610501	0,017094	-3207,94472746	-0,386228599699
398	-103,887835329	0,00610501	0,034188	-3208,84968543	-0,386119675728
398,5	-104,018241373	0,00610501	0,02442	-3207,035615	-0,386338085615
399	-103,953038351	0,00610501	0,023199	-3207,94472746	-0,386228599699
399,5	-103,953038351	0,00610501	0,021978	-3207,94472746	-0,386228599699
400	-103,953038351	0,00610501	0,00732601	-3207,94472746	-0,386228599699
400,5	-104,018241373	0,00610501	0,00976801	-3207,035615	-0,386338085615
401	-103,953038351	0,00610501	0,01221	-3207,94472746	-0,386228599699
401,5	-104,018241373	0,00610501	0,00610501	-3207,035615	-0,386338085615
402	-103,887835329	0,00610501	0,023199	-3208,84968543	-0,386119675728
402,5	-104,018241373	0,00610501	0,028083	-3207,035615	-0,386338085615
403	-103,953038351	0,00610501	0,031746	-3207,94472746	-0,386228599699
403,5	-104,018241373	0,00610501	0,034188	-3207,035615	-0,386338085615
404	-103,953038351	0,00610501	0,010989	-3207,94472746	-0,386228599699
404,5	-104,018241373	0,00610501	0,015873	-3207,035615	-0,386338085615
405	-103,953038351	0,00610501	0,00854701	-3207,94472746	-0,386228599699
405,5	-103,953038351	0,00610501	0,00610501	-3207,94472746	-0,386228599699
406	-103,953038351	0,00610501	0,013431	-3207,94472746	-0,386228599699
406,5	-104,018241373	0,00610501	0,00976801	-3207,035615	-0,386338085615
407	-103,953038351	0,00610501	0,020757	-3207,94472746	-0,386228599699
407,5	-103,953038351	0,00610501	0,030525	-3207,94472746	-0,386228599699
408	-103,953038351	0,00610501	0,020757	-3207,94472746	-0,386228599699
408,5	-104,018241373	0,00610501	0,035409	-3207,035615	-0,386338085615
409	-103,953038351	0,00610501	0,030525	-3207,94472746	-0,386228599699
409,5	-104,018241373	0,00488401	0,01221	-3207,035615	-0,386338085615
410	-103,953038351	0,00610501	0,014652	-3207,94472746	-0,386228599699
410,5	-104,018241373	0,00610501	0,00976801	-3207,035615	-0,386338085615
411	-103,953038351	0,00610501	0,00854701	-3207,94472746	-0,386228599699
411,5	-104,018241373	0,00610501	0,018315	-3207,035615	-0,386338085615
412	-103,953038351	0,00610501	0,00732601	-3207,94472746	-0,386228599699
412,5	-103,953038351	0,00732601	0,02442	-3207,94472746	-0,386228599699
413	-103,953038351	0,00854701	0,0500611	-3207,94472746	-0,386228599699
413,5	-104,018241373	0,041514	0,0634921	-3207,035615	-0,386338085615
414	-103,953038351	0,1221	0,112332	-3207,94472746	-0,386228599699
414,5	-104,018241373	0,205128	0,123321	-3207,035615	-0,386338085615
415	-103,953038351	0,13431	0,0732601	-3207,94472746	-0,386228599699
415,5	-104,018241373	0,018315	0,0610501	-3207,035615	-0,386338085615
416	-103,953038351	0,00732601	0,03663	-3207,94472746	-0,386228599699
416,5	-104,018241373	0,00610501	0,019536	-3207,035615	-0,386338085615
417	-103,953038351	0,00610501	0,02442	-3207,94472746	-0,386228599699
417,5	-103,953038351	0,00610501	0,00854701	-3207,94472746	-0,386228599699
418	-103,953038351	0,00610501	0,010989	-3207,94472746	-0,386228599699
418,5	-104,018241373	0,00610501	0,00610501	-3207,035615	-0,386338085615
419	-103,953038351	0,00610501	0,00610501	-3207,94472746	-0,386228599699
419,5	-103,953038351	0,00610501	0,026862	-3207,94472746	-0,386228599699
420	-103,953038351	0,00610501	0,021978	-3207,94472746	-0,386228599699
