started
24108 1649 0
36795 4 0
20203 60 0
15770 35 0
48560 9 0
30355 12 0
20438 9 0
29811 9 0
11377 11 0
10973 9 0
1536 9 0
48453 9 0
57676 8 0
1523 9 0
57835 9 0
1513 9 0
39062 9 0
20296 9 0
48276 8 0
29656 9 0
29659 9 0
10893 9 0
10919 9 0
10906 9 0
48308 8 0
29704 9 0
20291 9 0
1518 9 0
1513 9 0
48460 9 0
48272 8 0
29678 9 0
48473 9 0
38881 8 0
1521 9 0
48448 9 0
1529 9 0
10918 9 0
20292 9 0
57694 8 0
48464 9 0
57869 9 0
10910 9 0
20315 9 0
20297 9 0
20296 9 0
48297 8 0
10941 9 0
57868 9 0
57657 8 0
10923 9 0
20308 9 0
1542 9 0
20313 9 0
29721 9 0
10952 9 0
20311 9 0
29694 9 0
57700 8 0
1548 9 0
1585 9 0
48332 8 0
57697 8 0
57853 9 0
38924 8 0
1544 9 0
10922 9 0
38919 8 0
20314 9 0
57690 8 0
57707 8 0
38940 8 0
48690 10 0
20331 9 0
29528 8 0
39252 10 0
48468 9 0
57686 8 0
38911 8 0
1532 9 0
29522 8 0
29511 8 0
1739 10 0
39086 9 0
48629 10 0
38899 8 0
1543 9 0
48336 8 0
1358 8 0
20342 9 0
20159 8 0
10959 9 0
20139 8 0
57864 9 0
20145 8 0
48836 11 0
38929 8 0
48311 8 0
29717 9 0
10740 8 0
10750 8 0
1552 9 0
10756 8 0
29522 8 0
20328 9 0
48294 8 0
57693 8 0
38917 8 0
10902 9 0
48297 8 0
20150 8 0
57687 8 0
39121 9 0
20351 9 0
1549 9 0
29543 8 0
48336 8 0
57873 9 0
1562 9 0
1564 9 0
1541 9 0
38928 8 0
29552 8 0
48327 8 0
20166 8 0
1564 9 0
1389 8 0
48311 8 0
1572 9 0
11488 12 0
29888 10 0
38928 8 0
29702 9 0
10958 9 0
57550 7 0
1352 8 0
20319 9 0
10735 8 0
57693 8 0
57701 8 0
48314 8 0
20514 10 0
29548 8 0
1383 8 0
10946 9 0
29511 8 0
10761 8 0
48307 8 0
20137 8 0
20157 8 0
48328 8 0
57520 7 0
29557 8 0
57691 8 0
29544 8 0
20144 8 0
38945 8 0
1374 8 0
1374 8 0
11132 10 0
39075 9 0
10932 9 0
20153 8 0
20125 8 0
1524 9 0
10912 9 0
48320 8 0
20155 8 0
28991 5 0
10964 9 0
48336 8 0
10955 9 0
48300 8 0
58419 12 0
2081 12 0
57684 8 0
57698 8 0
57701 8 0
10949 9 0
57703 8 0
20158 8 0
48509 9 0
48345 8 0
57717 8 0
1574 9 0
29552 8 0
38937 8 0
48323 8 0
1578 9 0
38922 8 0
29726 9 0
48340 8 0
10931 9 0
20319 9 0
48287 8 0
48300 8 0
1508 9 0
20304 9 0
38918 8 0
39088 9 0
57680 8 0
29509 8 0
1537 9 0
48294 8 0
29544 8 0
29730 9 0
48323 8 0
38944 8 0
20332 9 0
48327 8 0
57710 8 0
57719 8 0
10964 9 0
10928 9 0
57877 9 0
29743 9 0
57713 8 0
29694 9 0
57717 8 0
39104 9 0
57887 9 0
1566 9 0
38913 8 0
48318 8 0
38916 8 0
20308 9 0
10919 9 0
57679 8 0
39104 9 0
20347 9 0
38949 8 0
29534 8 0
10923 9 0
57706 8 0
48306 8 0
29529 8 0
29706 9 0
29523 8 0
57685 8 0
10922 9 0
57710 8 0
57678 8 0
10895 9 0
38895 8 0
29535 8 0
30070 11 0
20496 10 0
48662 10 0
1535 9 0
20328 9 0
10782 8 0
48329 8 0
10930 9 0
10936 9 0
38945 8 0
39126 9 0
57711 8 0
20149 8 0
29533 8 0
38935 8 0
57708 8 0
10967 9 0
stopped
started
0 0 0
47168 14 0
39085 9 0
28665 54 0
39154 9 0
43668 33 0
48564 9 0
39382 10 0
10867 8 0
57807 8 0
20563 10 0
1775 10 0
20322 9 0
20324 9 0
48494 9 0
10957 9 0
10968 9 0
48508 9 0
1552 9 0
10955 9 0
29684 9 0
20317 9 0
20306 9 0
48474 9 0
1557 9 0
57688 8 0
10957 9 0
38943 8 0
48289 8 0
20312 9 0
1534 9 0
20299 9 0
57870 9 0
57691 8 0
20328 9 0
29692 9 0
57689 8 0
20303 9 0
39097 9 0
1560 9 0
38906 8 0
39104 9 0
29725 9 0
10952 9 0
20340 9 0
1544 9 0
39106 9 0
10924 9 0
48329 8 0
1570 9 0
57902 9 0
1549 9 0
38924 8 0
20322 9 0
57719 8 0
10920 9 0
39083 9 0
20325 9 0
10913 9 0
29690 9 0
38925 8 0
57704 8 0
1773 10 0
38946 8 0
1572 9 0
48474 9 0
38943 8 0
48290 8 0
29713 9 0
48318 8 0
38924 8 0
10938 9 0
29547 8 0
29550 8 0
29900 10 0
11146 10 0
48320 8 0
20332 9 0
48519 9 0
29720 9 0
20325 9 0
38937 8 0
29534 8 0
1557 9 0
57892 9 0
48317 8 0
48317 8 0
20152 8 0
57704 8 0
38932 8 0
57717 8 0
38921 8 0
29924 10 0
57725 8 0
38942 8 0
11105 10 0
29711 9 0
20120 8 0
30077 11 0
57701 8 0
29515 8 0
48311 8 0
20121 8 0
1356 8 0
38916 8 0
10750 8 0
29530 8 0
1359 8 0
20144 8 0
48294 8 0
20131 8 0
38915 8 0
10921 9 0
1391 8 0
20129 8 0
1765 10 0
48534 9 0
10926 9 0
29530 8 0
29540 8 0
1367 8 0
10759 8 0
20510 10 0
38924 8 0
57684 8 0
20164 8 0
39127 9 0
29574 8 0
38982 8 0
10975 9 0
48345 8 0
38941 8 0
39448 11 0
48309 8 0
29548 8 0
1545 9 0
20190 8 0
29557 8 0
39086 9 0
1529 9 0
29705 9 0
29534 8 0
20168 8 0
57719 8 0
1379 8 0
38947 8 0
29738 9 0
48305 8 0
48316 8 0
57538 7 0
57687 8 0
1397 8 0
20153 8 0
48684 10 0
1381 8 0
48313 8 0
38938 8 0
39109 9 0
1375 8 0
38951 8 0
20137 8 0
10757 8 0
20152 8 0
1531 9 0
20148 8 0
48332 8 0
57694 8 0
10758 8 0
1538 9 0
57704 8 0
1559 9 0
39455 11 0
29562 8 0
29752 9 0
57725 8 0
48706 10 0
21047 13 0
29492 8 0
29701 9 0
57698 8 0
57699 8 0
29700 9 0
29521 8 0
29517 8 0
20322 9 0
1544 9 0
1554 9 0
20336 9 0
48307 8 0
29528 8 0
20334 9 0
38915 8 0
1530 9 0
1536 9 0
20324 9 0
38918 8 0
29674 9 0
29496 8 0
57666 8 0
29676 9 0
29516 8 0
10949 9 0
39082 9 0
20128 8 0
48297 8 0
48299 8 0
38933 8 0
29552 8 0
39113 9 0
38935 8 0
38911 8 0
20321 9 0
57709 8 0
29524 8 0
1566 9 0
39072 9 0
10914 9 0
38916 8 0
39110 9 0
57686 8 0
10904 9 0
57881 9 0
29700 9 0
57711 8 0
20307 9 0
29499 8 0
38879 8 0
39078 9 0
1546 9 0
57681 8 0
29690 9 0
38938 8 0
29552 8 0
1564 9 0
29534 8 0
10953 9 0
29867 10 0
48291 8 0
38934 8 0
20292 9 0
20148 8 0
57720 8 0
29719 9 0
48321 8 0
10925 9 0
20300 9 0
29519 8 0
57861 9 0
57864 9 0
48319 8 0
48289 8 0
29717 9 0
20179 8 0
48342 8 0
10940 9 0
57683 8 0
57704 8 0
57725 8 0
29735 9 0
29724 9 0
38916 8 0
10927 9 0
stopped
started
0 0 0
7171 17 0
55774 49 0
40609 17 0
43404 32 0
57958 9 0
58148 10 0
11595 12 0
39014 8 0
1973 11 0
11133 10 0
10919 9 0
10906 9 0
39097 9 0
57684 8 0
1542 9 0
57875 9 0
38902 8 0
20336 9 0
48449 9 0
20279 9 0
10906 9 0
29693 9 0
1527 9 0
38897 8 0
10927 9 0
48300 8 0
38902 8 0
48454 9 0
48290 8 0
57682 8 0
57843 9 0
57686 8 0
20301 9 0
29685 9 0
38908 8 0
57668 8 0
48453 9 0
57693 8 0
48294 8 0
29721 9 0
1528 9 0
1541 9 0
48487 9 0
1523 9 0
1512 9 0
20294 9 0
38905 8 0
57678 8 0
29709 9 0
57670 8 0
57654 8 0
29688 9 0
48315 8 0
1537 9 0
39077 9 0
48321 8 0
39102 9 0
20309 9 0
10943 9 0
10925 9 0
48503 9 0
38931 8 0
57711 8 0
11124 10 0
29519 8 0
57698 8 0
20322 9 0
48279 8 0
57687 8 0
10918 9 0
38917 8 0
48299 8 0
10947 9 0
29911 10 0
1535 9 0
20137 8 0
1538 9 0
29526 8 0
10731 8 0
10920 9 0
29540 8 0
29520 8 0
29688 9 0
29905 10 0
1528 9 0
1530 9 0
29499 8 0
20304 9 0
1532 9 0
57678 8 0
1539 9 0
11115 10 0
20140 8 0
10905 9 0
29505 8 0
10724 8 0
48438 9 0
57686 8 0
38918 8 0
1550 9 0
48279 8 0
29494 8 0
1338 8 0
38898 8 0
1519 9 0
38911 8 0
57676 8 0
20119 8 0
20113 8 0
48294 8 0
1528 9 0
20143 8 0
57695 8 0
57674 8 0
48664 10 0
29529 8 0
57666 8 0
57680 8 0
39067 9 0
57683 8 0
57869 9 0
11081 10 0
29499 8 0
1537 9 0
38912 8 0
48326 8 0
48311 8 0
20167 8 0
29710 9 0
20144 8 0
48272 8 0
39068 9 0
48269 8 0
29506 8 0
10762 8 0
29714 9 0
1356 8 0
57845 9 0
38887 8 0
1538 9 0
29532 8 0
57872 9 0
20132 8 0
10914 9 0
10898 9 0
38905 8 0
57498 7 0
1534 9 0
20140 8 0
10755 8 0
57696 8 0
57699 8 0
1361 8 0
10765 8 0
57697 8 0
20162 8 0
20329 9 0
29896 10 0
20152 8 0
48284 8 0
29522 8 0
1691 10 0
20126 8 0
57705 8 0
29511 8 0
29696 9 0
20310 9 0
10929 9 0
29686 9 0
39085 9 0
48326 8 0
20335 9 0
58064 10 0
57722 8 0
2425 14 0
1506 9 0
48281 8 0
1542 9 0
1539 9 0
57672 8 0
38924 8 0
10911 9 0
57680 8 0
57680 8 0
10937 9 0
57684 8 0
38889 8 0
39071 9 0
1554 9 0
29509 8 0
29699 9 0
57687 8 0
20320 9 0
20318 9 0
48276 8 0
1522 9 0
20458 10 0
48438 9 0
29525 8 0
1531 9 0
20282 9 0
38886 8 0
48283 8 0
57640 8 0
48319 8 0
10935 9 0
20326 9 0
57719 8 0
29526 8 0
48502 9 0
20170 8 0
38921 8 0
29727 9 0
1539 9 0
57672 8 0
20326 9 0
10953 9 0
1549 9 0
10924 9 0
57727 8 0
1533 9 0
48490 9 0
38920 8 0
38923 8 0
20291 9 0
29700 9 0
1529 9 0
29676 9 0
20155 8 0
10929 9 0
57679 8 0
38915 8 0
48295 8 0
1722 10 0
20279 9 0
29681 9 0
57693 8 0
38904 8 0
1549 9 0
57708 8 0
48310 8 0
1539 9 0
57689 8 0
29509 8 0
29535 8 0
1523 9 0
10908 9 0
20307 9 0
1529 9 0
38926 8 0
57723 8 0
20339 9 0
29539 8 0
38910 8 0
29726 9 0
48310 8 0
29558 8 0
10942 9 0
48305 8 0
1539 9 0
stopped
started
0 0 0
50185 9 0
48626 10 0
29263 58 0
29745 9 0
53439 36 0
57763 8 0
11376 11 0
29811 9 0
39183 9 0
57914 9 0
1551 9 0
1701 10 0
10919 9 0
48301 8 0
48464 9 0
29717 9 0
57671 8 0
39068 9 0
1541 9 0
10909 9 0
57818 9 0
29673 9 0
10897 9 0
20271 9 0
1518 9 0
48299 8 0
39048 9 0
29505 8 0
10908 9 0
20275 9 0
1521 9 0
57665 8 0
39064 9 0
1510 9 0
1510 9 0
20278 9 0
1518 9 0
10914 9 0
39092 9 0
10909 9 0
57682 8 0
11071 10 0
10943 9 0
1520 9 0
20298 9 0
20295 9 0
57668 8 0
39083 9 0
20336 9 0
57677 8 0
48468 9 0
10916 9 0
57697 8 0
39095 9 0
1533 9 0
57684 8 0
39084 9 0
20292 9 0
1524 9 0
39079 9 0
57704 8 0
1564 9 0
20302 9 0
57681 8 0
57661 8 0
20296 9 0
48287 8 0
57658 8 0
10911 9 0
1528 9 0
48296 8 0
38896 8 0
1547 9 0
38934 8 0
20322 9 0
38895 8 0
20110 8 0
11266 11 0
38888 8 0
48290 8 0
10913 9 0
29502 8 0
29499 8 0
39248 10 0
29498 8 0
11055 10 0
10907 9 0
20120 8 0
1539 9 0
20131 8 0
29498 8 0
2074 12 0
38905 8 0
29863 10 0
20110 8 0
39061 9 0
48445 9 0
29521 8 0
20122 8 0
38909 8 0
57674 8 0
29687 9 0
29517 8 0
57663 8 0
1341 8 0
29507 8 0
57675 8 0
29507 8 0
29504 8 0
20119 8 0
39073 9 0
10769 8 0
29519 8 0
58236 11 0
48503 9 0
48318 8 0
39089 9 0
29536 8 0
20140 8 0
29541 8 0
29704 9 0
38903 8 0
48296 8 0
29516 8 0
48302 8 0
1569 9 0
38950 8 0
10934 9 0
20156 8 0
49568 15 0
29722 9 0
48293 8 0
57670 8 0
20139 8 0
38939 8 0
38905 8 0
20128 8 0
20128 8 0
57662 8 0
20131 8 0
38924 8 0
38909 8 0
1368 8 0
10767 8 0
10938 9 0
29508 8 0
38908 8 0
20314 9 0
20307 9 0
10734 8 0
1725 10 0
1531 9 0
20138 8 0
57694 8 0
20164 8 0
57703 8 0
48490 9 0
20337 9 0
1354 8 0
57687 8 0
29534 8 0
1723 10 0
48330 8 0
57705 8 0
1364 8 0
58043 10 0
57693 8 0
38917 8 0
29877 10 0
29556 8 0
48315 8 0
57720 8 0
29913 10 0
39301 10 0
11104 10 0
29530 8 0
48308 8 0
48490 9 0
10953 9 0
20135 8 0
20304 9 0
38924 8 0
1562 9 0
29710 9 0
38941 8 0
38905 8 0
1534 9 0
57684 8 0
1550 9 0
29672 9 0
57709 8 0
38913 8 0
39088 9 0
57679 8 0
38916 8 0
48287 8 0
57686 8 0
57667 8 0
10921 9 0
1530 9 0
57676 8 0
1532 9 0
38896 8 0
48290 8 0
20328 9 0
48311 8 0
57684 8 0
29711 9 0
57691 8 0
38909 8 0
57675 8 0
29520 8 0
1540 9 0
29673 9 0
57685 8 0
57706 8 0
39100 9 0
20296 9 0
48290 8 0
20311 9 0
57683 8 0
20306 9 0
20298 9 0
38904 8 0
38889 8 0
48442 9 0
48283 8 0
1515 9 0
1520 9 0
48306 8 0
57698 8 0
20306 9 0
29520 8 0
57703 8 0
20291 9 0
10920 9 0
57712 8 0
57684 8 0
10940 9 0
57703 8 0
38927 8 0
10899 9 0
38896 8 0
57668 8 0
39065 9 0
48283 8 0
48283 8 0
20295 9 0
48290 8 0
10924 9 0
20328 9 0
38931 8 0
39093 9 0
48471 9 0
10771 8 0
29714 9 0
29538 8 0
57688 8 0
1522 9 0
10941 9 0
stopped
started
0 0 0
15609 16 0
29707 9 0
38168 55 0
29587 8 0
15830 35 0
39362 10 0
58343 11 0
10477 6 0
57979 9 0
11372 11 0
57703 8 0
11095 10 0
57680 8 0
48299 8 0
29694 9 0
1543 9 0
48288 8 0
29698 9 0
1536 9 0
1516 9 0
48453 9 0
10908 9 0
1523 9 0
20298 9 0
48292 8 0
48313 8 0
39085 9 0
10908 9 0
48281 8 0
57859 9 0
57682 8 0
57678 8 0
48467 9 0
38901 8 0
57682 8 0
20280 9 0
10908 9 0
1537 9 0
39084 9 0
57682 8 0
29705 9 0
1682 10 0
10929 9 0
57679 8 0
57842 9 0
1540 9 0
57681 8 0
39069 9 0
57711 8 0
57687 8 0
48474 9 0
57693 8 0
1543 9 0
29701 9 0
10924 9 0
29718 9 0
39098 9 0
10927 9 0
20311 9 0
57859 9 0
57714 8 0
57692 8 0
29722 9 0
57693 8 0
58213 11 0
11125 10 0
57688 8 0
48275 8 0
10897 9 0
10915 9 0
29515 8 0
1531 9 0
29546 8 0
38925 8 0
1734 10 0
29508 8 0
20294 9 0
58038 10 0
48295 8 0
29537 8 0
1538 9 0
1350 8 0
48298 8 0
48317 8 0
39099 9 0
39281 10 0
38919 8 0
48312 8 0
48328 8 0
29523 8 0
1568 9 0
20342 9 0
10761 8 0
1891 11 0
20319 9 0
1521 9 0
48463 9 0
29547 8 0
48313 8 0
20344 9 0
57668 8 0
48292 8 0
38905 8 0
1707 10 0
1533 9 0
38931 8 0
57694 8 0
48309 8 0
10769 8 0
48322 8 0
29530 8 0
48312 8 0
29519 8 0
57687 8 0
48507 9 0
10931 9 0
48296 8 0
1555 9 0
10937 9 0
57712 8 0
57881 9 0
20326 9 0
10750 8 0
48302 8 0
10770 8 0
29577 8 0
10970 9 0
29553 8 0
48321 8 0
49211 13 0
10932 9 0
57686 8 0
1540 9 0
38937 8 0
20163 8 0
1530 9 0
10941 9 0
10752 8 0
29535 8 0
20309 9 0
29552 8 0
10747 8 0
48321 8 0
29544 8 0
38936 8 0
1545 9 0
57711 8 0
20170 8 0
29542 8 0
57705 8 0
20337 9 0
10774 8 0
29545 8 0
38923 8 0
10758 8 0
38910 8 0
38929 8 0
39112 9 0
1347 8 0
38913 8 0
29516 8 0
20101 8 0
48481 9 0
48295 8 0
20123 8 0
20111 8 0
57655 8 0
48299 8 0
48813 11 0
38937 8 0
29714 9 0
29553 8 0
38927 8 0
2145 12 0
57692 8 0
10921 9 0
38916 8 0
29720 9 0
57702 8 0
48313 8 0
1719 10 0
57723 8 0
10949 9 0
10940 9 0
10984 9 0
38945 8 0
1559 9 0
29531 8 0
38935 8 0
20333 9 0
48330 8 0
1570 9 0
39112 9 0
57704 8 0
38923 8 0
29723 9 0
38924 8 0
1541 9 0
38921 8 0
20354 9 0
1535 9 0
1541 9 0
20134 8 0
57683 8 0
1543 9 0
1567 9 0
29527 8 0
29711 9 0
29523 8 0
1558 9 0
10931 9 0
20147 8 0
57719 8 0
29699 9 0
1542 9 0
48307 8 0
1746 10 0
48296 8 0
1539 9 0
1733 10 0
57665 8 0
29701 9 0
20327 9 0
20131 8 0
10914 9 0
39077 9 0
48282 8 0
48313 8 0
10931 9 0
57711 8 0
57702 8 0
39089 9 0
48292 8 0
39112 9 0
1538 9 0
29534 8 0
48307 8 0
20310 9 0
29523 8 0
48309 8 0
1561 9 0
10911 9 0
20307 9 0
57675 8 0
48300 8 0
1538 9 0
38897 8 0
11108 10 0
48289 8 0
57692 8 0
29572 8 0
1570 9 0
57700 8 0
48310 8 0
38938 8 0
29718 9 0
29556 8 0
29550 8 0
29686 9 0
1527 9 0
stopped
started
0 0 0
24388 46 0
59189 16 0
15700 35 0
57931 9 0
29768 9 0
29607 8 0
57777 8 0
39719 12 0
57714 8 0
1524 9 0
48446 9 0
57662 8 0
1512 9 0
29861 10 0
10909 9 0
1537 9 0
29700 9 0
57670 8 0
20288 9 0
39067 9 0
10911 9 0
10900 9 0
10907 9 0
48294 8 0
57668 8 0
20294 9 0
57675 8 0
29683 9 0
20285 9 0
1520 9 0
20298 9 0
20294 9 0
1524 9 0
38882 8 0
20450 10 0
48291 8 0
10922 9 0
29679 9 0
10929 9 0
29865 10 0
20311 9 0
20295 9 0
29696 9 0
20285 9 0
48276 8 0
39074 9 0
1556 9 0
1530 9 0
39048 9 0
57678 8 0
20326 9 0
29699 9 0
1539 9 0
10918 9 0
29711 9 0
10910 9 0
20297 9 0
29701 9 0
1560 9 0
57719 8 0
20328 9 0
57712 8 0
10911 9 0
10927 9 0
38910 8 0
48290 8 0
20303 9 0
57689 8 0
48304 8 0
57688 8 0
57705 8 0
29545 8 0
39104 9 0
48285 8 0
10744 8 0
11110 10 0
1361 8 0
39082 9 0
29542 8 0
10748 8 0
48462 9 0
20531 10 0
10735 8 0
57675 8 0
57864 9 0
29531 8 0
38915 8 0
10938 9 0
29520 8 0
39108 9 0
10953 9 0
10940 9 0
38921 8 0
57688 8 0
48634 10 0
48492 9 0
10771 8 0
57692 8 0
48311 8 0
29506 8 0
38912 8 0
48496 9 0
57675 8 0
20129 8 0
48302 8 0
1513 9 0
29523 8 0
29526 8 0
20295 9 0
20146 8 0
10765 8 0
20307 9 0
1750 10 0
20338 9 0
20137 8 0
29519 8 0
57672 8 0
29532 8 0
10762 8 0
57872 9 0
1533 9 0
20123 8 0
20303 9 0
20149 8 0
57704 8 0
38926 8 0
48290 8 0
48294 8 0
39434 11 0
20332 9 0
57855 9 0
48289 8 0
1547 9 0
48323 8 0
1351 8 0
57664 8 0
1363 8 0
39095 9 0
10945 9 0
39132 9 0
38922 8 0
29568 8 0
20155 8 0
1566 9 0
20159 8 0
38922 8 0
1558 9 0
10772 8 0
20139 8 0
57705 8 0
57528 7 0
29535 8 0
48310 8 0
10766 8 0
10766 8 0
39106 9 0
38932 8 0
38900 8 0
20146 8 0
20130 8 0
57692 8 0
48316 8 0
48303 8 0
10904 9 0
48285 8 0
29871 10 0
29529 8 0
1716 10 0
57700 8 0
1556 9 0
48331 8 0
48307 8 0
2291 13 0
2065 12 0
48303 8 0
29544 8 0
48492 9 0
29725 9 0
57700 8 0
29711 9 0
48325 8 0
1570 9 0
20332 9 0
1575 9 0
38925 8 0
39100 9 0
57709 8 0
29535 8 0
29690 9 0
57714 8 0
57699 8 0
39099 9 0
38912 8 0
57692 8 0
39081 9 0
48301 8 0
57690 8 0
10951 9 0
48305 8 0
48304 8 0
10932 9 0
38925 8 0
48294 8 0
29723 9 0
48294 8 0
10942 9 0
10930 9 0
29545 8 0
57711 8 0
1541 9 0
48316 8 0
48299 8 0
39081 9 0
38920 8 0
1554 9 0
11118 10 0
38911 8 0
29721 9 0
20307 9 0
48313 8 0
57701 8 0
1518 9 0
48289 8 0
1544 9 0
29690 9 0
1518 9 0
48290 8 0
1545 9 0
57711 8 0
48322 8 0
29710 9 0
38929 8 0
1536 9 0
1536 9 0
1541 9 0
20324 9 0
39101 9 0
20338 9 0
48317 8 0
48314 8 0
20300 9 0
57672 8 0
29531 8 0
1719 10 0
57668 8 0
20314 9 0
10915 9 0
10917 9 0
29540 8 0
48308 8 0
20332 9 0
20300 9 0
57703 8 0
1554 9 0
48342 8 0
1560 9 0
29721 9 0
10933 9 0
38930 8 0
57717 8 0
1545 9 0
stopped
started
0 0 0
22104 15 0
1478 9 0
28884 57 0
11141 10 0
53300 35 0
1788 10 0
39160 9 0
48392 8 0
1780 10 0
2119 12 0
10913 9 0
48435 9 0
39090 9 0
38905 8 0
48455 9 0
10928 9 0
48279 8 0
29690 9 0
10918 9 0
1501 9 0
48445 9 0
10897 9 0
1520 9 0
20265 9 0
57678 8 0
48287 8 0
20281 9 0
10903 9 0
38872 8 0
57827 9 0
10896 9 0
57657 8 0
48443 9 0
10897 9 0
48275 8 0
29663 9 0
57665 8 0
57673 8 0
11069 10 0
20303 9 0
10888 9 0
11084 10 0
1523 9 0
39072 9 0
57854 9 0
29506 8 0
57676 8 0
11094 10 0
1528 9 0
57665 8 0
29674 9 0
48293 8 0
29715 9 0
29687 9 0
10926 9 0
57702 8 0
48446 9 0
10910 9 0
20322 9 0
39104 9 0
1563 9 0
57685 8 0
29694 9 0
48281 8 0
29525 8 0
39088 9 0
48298 8 0
38885 8 0
39068 9 0
38889 8 0
29496 8 0
20314 9 0
29527 8 0
48649 10 0
20118 8 0
10924 9 0
11090 10 0
10929 9 0
1508 9 0
29525 8 0
29502 8 0
1514 9 0
48465 9 0
38898 8 0
29522 8 0
1681 10 0
29510 8 0
48288 8 0
57681 8 0
20110 8 0
20486 10 0
57683 8 0
48277 8 0
48282 8 0
29682 9 0
57651 8 0
29502 8 0
10928 9 0
1355 8 0
29508 8 0
38876 8 0
38886 8 0
38906 8 0
1534 9 0
1348 8 0
48301 8 0
48279 8 0
38903 8 0
57685 8 0
48302 8 0
29519 8 0
57692 8 0
38908 8 0
39078 9 0
57882 9 0
38905 8 0
48459 9 0
38895 8 0
20102 8 0
1516 9 0
10732 8 0
20107 8 0
1489 9 0
29501 8 0
48285 8 0
20136 8 0
1562 9 0
20157 8 0
1362 8 0
1533 9 0
30418 13 0
20118 8 0
10910 9 0
39083 9 0
10745 8 0
57685 8 0
38889 8 0
10709 8 0
39238 10 0
38888 8 0
29523 8 0
57677 8 0
38893 8 0
48296 8 0
1528 9 0
20126 8 0
38891 8 0
38904 8 0
29514 8 0
57498 7 0
57679 8 0
20295 9 0
57492 7 0
48471 9 0
20114 8 0
20304 9 0
29692 9 0
29884 10 0
10725 8 0
29501 8 0
10735 8 0
38890 8 0
39063 9 0
10916 9 0
10920 9 0
10748 8 0
1531 9 0
38930 8 0
11102 10 0
29527 8 0
57701 8 0
29545 8 0
39085 9 0
29724 9 0
39093 9 0
29845 10 0
10901 9 0
48310 8 0
10956 9 0
48470 9 0
29535 8 0
48277 8 0
48489 9 0
57683 8 0
57698 8 0
20343 9 0
29538 8 0
10745 8 0
20320 9 0
48309 8 0
48288 8 0
39093 9 0
57707 8 0
10934 9 0
20297 9 0
38905 8 0
57679 8 0
48452 9 0
29511 8 0
48312 8 0
20308 9 0
29524 8 0
29508 8 0
20303 9 0
29524 8 0
39286 10 0
20304 9 0
48312 8 0
29690 9 0
29693 9 0
20137 8 0
48283 8 0
39083 9 0
57668 8 0
10905 9 0
20311 9 0
57689 8 0
20309 9 0
10904 9 0
1543 9 0
20297 9 0
39084 9 0
48299 8 0
1525 9 0
20476 10 0
10905 9 0
38911 8 0
29685 9 0
38905 8 0
48294 8 0
29702 9 0
29531 8 0
57673 8 0
20328 9 0
20289 9 0
38900 8 0
1553 9 0
48445 9 0
29517 8 0
57688 8 0
20320 9 0
57670 8 0
38908 8 0
1509 9 0
38920 8 0
57670 8 0
10902 9 0
1693 10 0
1524 9 0
29521 8 0
1534 9 0
38932 8 0
48297 8 0
10911 9 0
1556 9 0
48316 8 0
1562 9 0
20339 9 0
57681 8 0
38916 8 0
stopped
started
0 0 0
61980 7 0
48318 8 0
39442 11 0
10097 56 0
53403 35 0
20774 11 0
29615 8 0
1450 8 0
10846 8 0
11002 9 0
30134 11 0
57865 9 0
20323 9 0
10936 9 0
20313 9 0
1551 9 0
29734 9 0
10913 9 0
48330 8 0
10923 9 0
57846 9 0
29680 9 0
57664 8 0
57817 9 0
57663 8 0
48307 8 0
29693 9 0
48290 8 0
1498 9 0
20304 9 0
1527 9 0
10916 9 0
29671 9 0
20302 9 0
57662 8 0
57665 8 0
57674 8 0
29692 9 0
29708 9 0
1553 9 0
10959 9 0
29693 9 0
29707 9 0
29711 9 0
48492 9 0
10936 9 0
48294 8 0
39101 9 0
10933 9 0
20338 9 0
29704 9 0
39100 9 0
48310 8 0
29728 9 0
57693 8 0
1546 9 0
10959 9 0
48318 8 0
1529 9 0
48481 9 0
10951 9 0
20347 9 0
10958 9 0
57719 8 0
29713 9 0
39083 9 0
48313 8 0
48321 8 0
1532 9 0
48330 8 0
48316 8 0
1545 9 0
48310 8 0
20167 8 0
39325 10 0
48327 8 0
29536 8 0
57893 9 0
48521 9 0
20153 8 0
57707 8 0
10777 8 0
20157 8 0
1557 9 0
1572 9 0
57683 8 0
57690 8 0
29534 8 0
38927 8 0
29729 9 0
57701 8 0
11316 11 0
10954 9 0
38941 8 0
39116 9 0
38920 8 0
48308 8 0
10937 9 0
29727 9 0
29547 8 0
57724 8 0
29540 8 0
1374 8 0
48309 8 0
20152 8 0
20125 8 0
1529 9 0
57681 8 0
20146 8 0
57694 8 0
38918 8 0
48318 8 0
57707 8 0
10760 8 0
38939 8 0
48885 11 0
20166 8 0
48699 10 0
20163 8 0
57699 8 0
38937 8 0
48308 8 0
20311 9 0
29542 8 0
29551 8 0
20344 9 0
10981 9 0
20188 8 0
20196 8 0
48333 8 0
38953 8 0
21253 14 0
48306 8 0
20150 8 0
20142 8 0
48327 8 0
38954 8 0
1377 8 0
29543 8 0
10931 9 0
57521 7 0
57703 8 0
1574 9 0
1380 8 0
1400 8 0
48327 8 0
48320 8 0
29544 8 0
38925 8 0
29901 10 0
39133 9 0
10780 8 0
29573 8 0
57527 7 0
1567 9 0
20169 8 0
29742 9 0
1381 8 0
10977 9 0
10782 8 0
10740 8 0
38923 8 0
10750 8 0
38919 8 0
20352 9 0
57688 8 0
48118 7 0
39086 9 0
10768 8 0
10769 8 0
11111 10 0
1575 9 0
57714 8 0
1578 9 0
20316 9 0
39658 12 0
58212 11 0
1533 9 0
57703 8 0
20330 9 0
39097 9 0
1550 9 0
29526 8 0
48499 9 0
38943 8 0
29531 8 0
39116 9 0
29531 8 0
20143 8 0
20317 9 0
38933 8 0
48286 8 0
20322 9 0
10938 9 0
57699 8 0
20302 9 0
38891 8 0
10911 9 0
1515 9 0
48306 8 0
29545 8 0
39107 9 0
38909 8 0
57679 8 0
48442 9 0
10753 8 0
57714 8 0
57870 9 0
57710 8 0
29545 8 0
1559 9 0
48502 9 0
1549 9 0
57728 8 0
29716 9 0
57691 8 0
20324 9 0
57708 8 0
20332 9 0
20295 9 0
29557 8 0
57691 8 0
39099 9 0
10946 9 0
38918 8 0
10916 9 0
57691 8 0
10926 9 0
10914 9 0
20314 9 0
20157 8 0
48314 8 0
20325 9 0
48292 8 0
29537 8 0
10917 9 0
38902 8 0
29541 8 0
20305 9 0
48314 8 0
48321 8 0
29703 9 0
10928 9 0
1523 9 0
29688 9 0
29523 8 0
57684 8 0
48284 8 0
11459 12 0
38910 8 0
57683 8 0
29549 8 0
57717 8 0
1551 9 0
1728 10 0
38947 8 0
1573 9 0
20182 8 0
29555 8 0
39099 9 0
38920 8 0
29541 8 0
stopped
started
0 0 0
36145 16 0
11070 10 0
38455 57 0
5839 32 0
11568 12 0
1073 6 0
29254 6 0
30576 13 0
1639 9 0
29962 10 0
20337 9 0
1702 10 0
20315 9 0
48293 8 0
39089 9 0
10952 9 0
10913 9 0
29701 9 0
1555 9 0
20288 9 0
48458 9 0
10929 9 0
48280 8 0
48454 9 0
57693 8 0
38938 8 0
20308 9 0
57681 8 0
48285 8 0
48478 9 0
57686 8 0
10926 9 0
57851 9 0
48297 8 0
1544 9 0
20317 9 0
10932 9 0
10942 9 0
48492 9 0
10932 9 0
29537 8 0
48468 9 0
57710 8 0
29689 9 0
39082 9 0
10923 9 0
1541 9 0
57868 9 0
1540 9 0
1522 9 0
39068 9 0
20317 9 0
57699 8 0
48490 9 0
20317 9 0
1541 9 0
20313 9 0
29688 9 0
1521 9 0
39095 9 0
57709 8 0
1558 9 0
48481 9 0
20319 9 0
57857 9 0
38902 8 0
29723 9 0
29536 8 0
38928 8 0
10939 9 0
1559 9 0
20158 8 0
20354 9 0
39144 9 0
1571 9 0
57671 8 0
57704 8 0
48991 12 0
38907 8 0
29534 8 0
1521 9 0
48298 8 0
2079 12 0
48476 9 0
29528 8 0
20124 8 0
1523 9 0
57694 8 0
20146 8 0
1540 9 0
48325 8 0
48317 8 0
1573 9 0
1543 9 0
11089 10 0
11091 10 0
39108 9 0
38947 8 0
10760 8 0
20346 9 0
20120 8 0
20141 8 0
48317 8 0
1729 10 0
48312 8 0
48302 8 0
1533 9 0
38922 8 0
20154 8 0
29539 8 0
39115 9 0
48333 8 0
20156 8 0
1754 10 0
29546 8 0
20150 8 0
1537 9 0
20118 8 0
29497 8 0
1528 9 0
1527 9 0
20117 8 0
38908 8 0
57674 8 0
57688 8 0
20158 8 0
38938 8 0
48299 8 0
20151 8 0
57685 8 0
48468 9 0
48294 8 0
10925 9 0
38928 8 0
29563 8 0
1554 9 0
10737 8 0
57684 8 0
10728 8 0
57676 8 0
38900 8 0
38934 8 0
29529 8 0
10962 9 0
1378 8 0
57688 8 0
20135 8 0
10760 8 0
48317 8 0
57525 7 0
29527 8 0
29708 9 0
48302 8 0
10769 8 0
29531 8 0
57696 8 0
29534 8 0
57713 8 0
38937 8 0
29508 8 0
29524 8 0
1339 8 0
57836 9 0
57700 8 0
48277 8 0
57497 7 0
58052 10 0
10928 9 0
10758 8 0
30067 11 0
20335 9 0
38941 8 0
48308 8 0
20130 8 0
2291 13 0
29663 9 0
48294 8 0
48303 8 0
39093 9 0
10938 9 0
57672 8 0
57872 9 0
10931 9 0
38928 8 0
39113 9 0
10962 9 0
29517 8 0
1535 9 0
29527 8 0
57707 8 0
29683 9 0
38943 8 0
10929 9 0
10925 9 0
29519 8 0
38892 8 0
29683 9 0
48296 8 0
10924 9 0
10945 9 0
10913 9 0
48272 8 0
57670 8 0
20133 8 0
57674 8 0
29714 9 0
57703 8 0
48313 8 0
39113 9 0
38922 8 0
1562 9 0
1552 9 0
38955 8 0
48302 8 0
39076 9 0
38915 8 0
48323 8 0
48493 9 0
1537 9 0
38932 8 0
29714 9 0
48305 8 0
48322 8 0
10931 9 0
20135 8 0
10925 9 0
39060 9 0
57670 8 0
10918 9 0
1540 9 0
48315 8 0
29534 8 0
20327 9 0
48312 8 0
1553 9 0
57863 9 0
48312 8 0
29712 9 0
38920 8 0
38944 8 0
10951 9 0
29719 9 0
57699 8 0
10924 9 0
57666 8 0
10758 8 0
48480 9 0
1513 9 0
20330 9 0
10932 9 0
20341 9 0
57729 8 0
38952 8 0
29705 9 0
48314 8 0
48321 8 0
11120 10 0
10960 9 0
48483 9 0
20299 9 0
38921 8 0
stopped
started
0 0 0
24629 54 0
20364 9 0
25370 36 0
20041 7 0
20410 9 0
2204 12 0
48571 9 0
39536 11 0
39102 9 0
57854 9 0
1539 9 0
1546 9 0
39087 9 0
1554 9 0
39100 9 0
20324 9 0
10953 9 0
1516 9 0
48468 9 0
1536 9 0
10937 9 0
39085 9 0
57700 8 0
29559 8 0
29702 9 0
48305 8 0
48296 8 0
20295 9 0
29692 9 0
38910 8 0
48469 9 0
20299 9 0
48285 8 0
20312 9 0
10910 9 0
57704 8 0
20320 9 0
38931 8 0
10913 9 0
1722 10 0
10953 9 0
20305 9 0
1712 10 0
1550 9 0
20316 9 0
48477 9 0
10936 9 0
10918 9 0
39082 9 0
57694 8 0
29539 8 0
57875 9 0
10918 9 0
48302 8 0
20342 9 0
10934 9 0
10934 9 0
57896 9 0
57729 8 0
1569 9 0
29728 9 0
57695 8 0
57686 8 0
20319 9 0
48323 8 0
38910 8 0
10915 9 0
38920 8 0
39095 9 0
10916 9 0
29540 8 0
20343 9 0
29551 8 0
57697 8 0
57718 8 0
11142 10 0
29548 8 0
1582 9 0
10948 9 0
29549 8 0
20150 8 0
38945 8 0
48312 8 0
38928 8 0
10761 8 0
20338 9 0
57716 8 0
48326 8 0
57706 8 0
11166 10 0
29575 8 0
57550 7 0
38923 8 0
20348 9 0
29512 8 0
39088 9 0
1581 9 0
57555 7 0
20191 8 0
57886 9 0
20334 9 0
20152 8 0
20142 8 0
48310 8 0
29542 8 0
38928 8 0
10943 9 0
10763 8 0
48318 8 0
39118 9 0
29562 8 0
20149 8 0
39688 12 0
10787 8 0
29549 8 0
57705 8 0
10971 9 0
38924 8 0
1572 9 0
39103 9 0
1549 9 0
20136 8 0
57693 8 0
39104 9 0
20172 8 0
20351 9 0
1397 8 0
48319 8 0
11287 11 0
11118 10 0
57687 8 0
20145 8 0
1557 9 0
38943 8 0
20151 8 0
57688 8 0
20152 8 0
38922 8 0
38925 8 0
20337 9 0
1560 9 0
20147 8 0
48306 8 0
20139 8 0
48291 8 0
48300 8 0
20153 8 0
38907 8 0
10760 8 0
57697 8 0
48503 9 0
10784 8 0
1567 9 0
20172 8 0
1579 9 0
29727 9 0
48340 8 0
29541 8 0
48330 8 0
57876 9 0
20144 8 0
20169 8 0
39121 9 0
38918 8 0
10750 8 0
48318 8 0
48343 8 0
11128 10 0
48539 9 0
29576 8 0
1578 9 0
38935 8 0
11712 13 0
58084 10 0
29541 8 0
10959 9 0
10981 9 0
1590 9 0
20333 9 0
20155 8 0
1570 9 0
20348 9 0
57732 8 0
38961 8 0
20353 9 0
38963 8 0
29549 8 0
48337 8 0
39104 9 0
48342 8 0
1739 10 0
29724 9 0
57701 8 0
1553 9 0
29716 9 0
57686 8 0
10936 9 0
1557 9 0
38925 8 0
57688 8 0
57681 8 0
48307 8 0
1557 9 0
20347 9 0
29729 9 0
57711 8 0
1569 9 0
39128 9 0
1572 9 0
38929 8 0
29554 8 0
48322 8 0
39104 9 0
48313 8 0
57729 8 0
1742 10 0
10941 9 0
48317 8 0
48501 9 0
1573 9 0
10954 9 0
20337 9 0
48329 8 0
1541 9 0
39105 9 0
1544 9 0
38908 8 0
1565 9 0
1577 9 0
48342 8 0
20353 9 0
20345 9 0
39129 9 0
57687 8 0
29712 9 0
38930 8 0
57883 9 0
10953 9 0
29577 8 0
38937 8 0
10933 9 0
57703 8 0
57689 8 0
57686 8 0
57684 8 0
10940 9 0
1546 9 0
20333 9 0
48513 9 0
38952 8 0
38936 8 0
48499 9 0
1746 10 0
48331 8 0
29549 8 0
1562 9 0
1697 10 0
10912 9 0
29546 8 0
38917 8 0
29700 9 0
stopped
started
0 0 0
35036 9 0
57830 9 0
17 52 0
21242 15 0
62687 35 0
10821 8 0
10812 8 0
48365 8 0
48199 7 0
20553 10 0
30111 11 0
29683 9 0
57845 9 0
57682 8 0
57679 8 0
48459 9 0
1549 9 0
38882 8 0
48470 9 0
20312 9 0
10893 9 0
39240 10 0
57669 8 0
1514 9 0
29662 9 0
48305 8 0
48297 8 0
1531 9 0
57676 8 0
57663 8 0
57841 9 0
10896 9 0
48264 8 0
48445 9 0
57663 8 0
1516 9 0
39056 9 0
10902 9 0
29708 9 0
20282 9 0
1531 9 0
10891 9 0
1694 10 0
10910 9 0
29682 9 0
48458 9 0
57666 8 0
1539 9 0
57864 9 0
1524 9 0
48272 8 0
11074 10 0
1530 9 0
10923 9 0
57840 9 0
1519 9 0
48486 9 0
39073 9 0
20291 9 0
57678 8 0
29696 9 0
10949 9 0
38927 8 0
10934 9 0
57655 8 0
20476 10 0
38892 8 0
29688 9 0
29507 8 0
29677 9 0
1526 9 0
48287 8 0
29538 8 0
20516 10 0
1720 10 0
48273 8 0
48284 8 0
29706 9 0
20305 9 0
57692 8 0
29516 8 0
57672 8 0
29520 8 0
57675 8 0
57668 8 0
29516 8 0
29518 8 0
11101 10 0
10951 9 0
20141 8 0
48303 8 0
29740 9 0
38927 8 0
29548 8 0
11108 10 0
39102 9 0
39058 9 0
29548 8 0
20162 8 0
1538 9 0
48331 8 0
1531 9 0
48308 8 0
29541 8 0
57683 8 0
1340 8 0
10911 9 0
57678 8 0
20115 8 0
48275 8 0
20107 8 0
1501 9 0
48268 8 0
20131 8 0
30267 12 0
48492 9 0
29521 8 0
29526 8 0
38903 8 0
38916 8 0
20143 8 0
1535 9 0
20132 8 0
1719 10 0
10938 9 0
48338 8 0
38943 8 0
20538 10 0
38918 8 0
20143 8 0
39464 11 0
11114 10 0
48306 8 0
10738 8 0
10934 9 0
10779 8 0
57509 7 0
10924 9 0
48290 8 0
57681 8 0
48299 8 0
29553 8 0
29540 8 0
10753 8 0
1555 9 0
20151 8 0
29714 9 0
38920 8 0
38924 8 0
38926 8 0
10919 9 0
20138 8 0
10740 8 0
57692 8 0
10754 8 0
20149 8 0
39281 10 0
20696 11 0
10763 8 0
20299 9 0
20139 8 0
48301 8 0
57699 8 0
48324 8 0
57688 8 0
20135 8 0
20325 9 0
48313 8 0
29875 10 0
29726 9 0
20150 8 0
20317 9 0
57678 8 0
20333 9 0
11309 11 0
58043 10 0
29688 9 0
48321 8 0
48318 8 0
20333 9 0
29543 8 0
57683 8 0
57883 9 0
1562 9 0
20338 9 0
1563 9 0
29536 8 0
48298 8 0
10938 9 0
38923 8 0
1540 9 0
20325 9 0
20327 9 0
48316 8 0
29688 9 0
29512 8 0
48309 8 0
20293 9 0
57688 8 0
57705 8 0
39089 9 0
38918 8 0
29528 8 0
29701 9 0
29546 8 0
1573 9 0
57877 9 0
38930 8 0
20144 8 0
29713 9 0
48331 8 0
48315 8 0
57725 8 0
38919 8 0
10927 9 0
20323 9 0
29732 9 0
48296 8 0
57857 9 0
48334 8 0
48297 8 0
48490 9 0
10947 9 0
38908 8 0
39071 9 0
57689 8 0
20305 9 0
29677 9 0
57691 8 0
57712 8 0
38923 8 0
1554 9 0
48310 8 0
48312 8 0
29697 9 0
38923 8 0
38925 8 0
48449 9 0
48284 8 0
48301 8 0
10943 9 0
38894 8 0
57660 8 0
20292 9 0
38899 8 0
10914 9 0
10891 9 0
11095 10 0
58032 10 0
10747 8 0
10931 9 0
29523 8 0
48307 8 0
48309 8 0
39106 9 0
57700 8 0
48324 8 0
39309 10 0
20134 8 0
1722 10 0
stopped
started
0 0 0
59516 16 0
17608 46 0
41505 22 0
53741 37 0
58144 10 0
2016 11 0
57622 7 0
11025 9 0
48730 10 0
1729 10 0
20315 9 0
20321 9 0
20331 9 0
10930 9 0
39119 9 0
20318 9 0
48327 8 0
48327 8 0
39075 9 0
29696 9 0
10920 9 0
48476 9 0
57685 8 0
10925 9 0
1546 9 0
57686 8 0
57680 8 0
20297 9 0
29685 9 0
57665 8 0
57841 9 0
20312 9 0
57672 8 0
48464 9 0
38908 8 0
20303 9 0
29713 9 0
1556 9 0
38914 8 0
39099 9 0
39096 9 0
57711 8 0
10919 9 0
20480 10 0
57694 8 0
20339 9 0
57875 9 0
57712 8 0
57698 8 0
39094 9 0
29720 9 0
38933 8 0
57888 9 0
1554 9 0
11121 10 0
57709 8 0
29703 9 0
57693 8 0
1547 9 0
48517 9 0
20182 8 0
10956 9 0
1545 9 0
1553 9 0
57704 8 0
29720 9 0
38935 8 0
57684 8 0
39093 9 0
29531 8 0
38934 8 0
1577 9 0
21085 13 0
1561 9 0
10763 8 0
29722 9 0
48506 9 0
57690 8 0
20155 8 0
1553 9 0
29529 8 0
20317 9 0
20327 9 0
1565 9 0
29864 10 0
20310 9 0
38938 8 0
57700 8 0
48296 8 0
29766 9 0
20331 9 0
29544 8 0
57697 8 0
10927 9 0
29516 8 0
48665 10 0
20348 9 0
48312 8 0
29739 9 0
20140 8 0
20153 8 0
57698 8 0
1541 9 0
48296 8 0
38927 8 0
48318 8 0
20321 9 0
10786 8 0
29539 8 0
10936 9 0
10793 8 0
48312 8 0
39297 10 0
29748 9 0
38936 8 0
1571 9 0
11129 10 0
38950 8 0
10782 8 0
29726 9 0
48291 8 0
39120 9 0
10780 8 0
38942 8 0
38978 8 0
48353 8 0
57710 8 0
20170 8 0
20878 12 0
38932 8 0
1375 8 0
10956 9 0
10786 8 0
48346 8 0
20157 8 0
10744 8 0
10925 9 0
1557 9 0
10773 8 0
10776 8 0
1563 9 0
10764 8 0
29545 8 0
1557 9 0
20151 8 0
38927 8 0
57689 8 0
10751 8 0
20144 8 0
11314 11 0
48317 8 0
1559 9 0
29548 8 0
20162 8 0
11127 10 0
48342 8 0
20173 8 0
38916 8 0
38939 8 0
20147 8 0
29713 9 0
20363 9 0
57699 8 0
48298 8 0
57693 8 0
29548 8 0
57546 7 0
20693 11 0
20170 8 0
29739 9 0
29721 9 0
57710 8 0
10959 9 0
11313 11 0
39085 9 0
38929 8 0
48337 8 0
29737 9 0
48304 8 0
10946 9 0
20306 9 0
10955 9 0
20159 8 0
29725 9 0
38929 8 0
38937 8 0
57698 8 0
57724 8 0
38937 8 0
29725 9 0
57729 8 0
57722 8 0
20343 9 0
48306 8 0
48310 8 0
20302 9 0
1556 9 0
20161 8 0
20353 9 0
57713 8 0
29557 8 0
20322 9 0
38907 8 0
29552 8 0
10948 9 0
48328 8 0
20343 9 0
39113 9 0
48333 8 0
48327 8 0
1550 9 0
29553 8 0
57678 8 0
10925 9 0
1551 9 0
1574 9 0
29699 9 0
38905 8 0
1548 9 0
48472 9 0
48322 8 0
10944 9 0
20307 9 0
48306 8 0
20319 9 0
20315 9 0
1535 9 0
57690 8 0
1575 9 0
10760 8 0
38933 8 0
29725 9 0
57730 8 0
48502 9 0
48314 8 0
57729 8 0
29706 9 0
10766 8 0
1565 9 0
20347 9 0
48312 8 0
48290 8 0
20297 9 0
48310 8 0
48303 8 0
10900 9 0
1528 9 0
48303 8 0
57866 9 0
29555 8 0
57902 9 0
38933 8 0
20330 9 0
1565 9 0
29549 8 0
48334 8 0
57714 8 0
20313 9 0
57693 8 0
2955stopped
7 8 0
started
0 0 0
64886 1 0
47721 56 0
34775 36 0
39207 9 0
11229 10 0
11811 13 0
11028 9 0
48921 11 0
20350 9 0
48456 9 0
10923 9 0
1527 9 0
48456 9 0
20303 9 0
10905 9 0
20298 9 0
20329 9 0
10903 9 0
39053 9 0
20317 9 0
1523 9 0
20275 9 0
38915 8 0
57691 8 0
20306 9 0
57678 8 0
38903 8 0
1704 10 0
1534 9 0
20298 9 0
48447 9 0
1532 9 0
57685 8 0
20469 10 0
1532 9 0
48314 8 0
10929 9 0
38918 8 0
29705 9 0
1708 10 0
10938 9 0
20295 9 0
48446 9 0
10930 9 0
38893 8 0
48467 9 0
57709 8 0
10918 9 0
57872 9 0
10959 9 0
29739 9 0
48481 9 0
20506 10 0
38931 8 0
48493 9 0
29712 9 0
1535 9 0
1735 10 0
1570 9 0
29540 8 0
48519 9 0
10938 9 0
48296 8 0
20314 9 0
38920 8 0
29533 8 0
39076 9 0
57697 8 0
29524 8 0
20316 9 0
10771 8 0
29901 10 0
20310 9 0
1506 9 0
48289 8 0
10918 9 0
10901 9 0
48320 8 0
48298 8 0
57673 8 0
48298 8 0
29705 9 0
29690 9 0
29521 8 0
57666 8 0
57667 8 0
38900 8 0
57664 8 0
57876 9 0
57859 9 0
1513 9 0
58210 11 0
1519 9 0
10903 9 0
29510 8 0
10931 9 0
38907 8 0
1555 9 0
57667 8 0
1350 8 0
20120 8 0
29512 8 0
29505 8 0
10744 8 0
20315 9 0
20143 8 0
38899 8 0
10917 9 0
48288 8 0
10757 8 0
57675 8 0
30239 12 0
10765 8 0
39094 9 0
57702 8 0
1532 9 0
38915 8 0
48291 8 0
29875 10 0
10734 8 0
57685 8 0
10746 8 0
20148 8 0
57720 8 0
48346 8 0
20158 8 0
57706 8 0
48500 9 0
39126 9 0
10914 9 0
48299 8 0
48319 8 0
38925 8 0
38913 8 0
10730 8 0
20125 8 0
10892 9 0
20133 8 0
29532 8 0
48308 8 0
10742 8 0
10761 8 0
20305 9 0
10745 8 0
20115 8 0
1532 9 0
20135 8 0
29511 8 0
57674 8 0
38930 8 0
1344 8 0
10746 8 0
57672 8 0
29528 8 0
10733 8 0
20313 9 0
29537 8 0
38870 8 0
10766 8 0
38892 8 0
29685 9 0
10956 9 0
38942 8 0
20143 8 0
39075 9 0
29699 9 0
48478 9 0
10938 9 0
1570 9 0
48316 8 0
57735 8 0
1564 9 0
57725 8 0
58062 10 0
1515 9 0
57684 8 0
48315 8 0
48472 9 0
20327 9 0
57688 8 0
57866 9 0
57701 8 0
38906 8 0
29729 9 0
29521 8 0
29524 8 0
39083 9 0
57704 8 0
1515 9 0
48465 9 0
48291 8 0
10915 9 0
10894 9 0
48274 8 0
10910 9 0
29697 9 0
38903 8 0
29538 8 0
20313 9 0
57684 8 0
20118 8 0
29683 9 0
48278 8 0
57699 8 0
39090 9 0
57695 8 0
57687 8 0
57677 8 0
1536 9 0
38895 8 0
29687 9 0
48306 8 0
57675 8 0
29678 9 0
57707 8 0
1550 9 0
57857 9 0
1545 9 0
39094 9 0
39079 9 0
57694 8 0
20115 8 0
10904 9 0
57665 8 0
1543 9 0
10909 9 0
1527 9 0
20151 8 0
10955 9 0
1560 9 0
20136 8 0
29694 9 0
29524 8 0
39081 9 0
38912 8 0
1718 10 0
38912 8 0
57691 8 0
10945 9 0
10938 9 0
1524 9 0
20308 9 0
29543 8 0
39125 9 0
29523 8 0
57684 8 0
20334 9 0
57693 8 0
20308 9 0
1562 9 0
48332 8 0
57688 8 0
48320 8 0
20351 9 0
29570 8 0
39136 9 0
20311 9 0
10935 9 0
20311 9 0
10767 8 0
29719 9 0
stopped
started
0 0 0
14878 7 0
1722 10 0
9968 55 0
10995 9 0
52798 32 0
38794 7 0
40879 18 0
29809 9 0
20789 11 0
57752 8 0
39096 9 0
10920 9 0
57686 8 0
48473 9 0
1570 9 0
10951 9 0
20307 9 0
57715 8 0
57689 8 0
48463 9 0
20338 9 0
48305 8 0
48473 9 0
38915 8 0
57702 8 0
1731 10 0
48310 8 0
57682 8 0
29696 9 0
10933 9 0
1532 9 0
29698 9 0
1541 9 0
10920 9 0
1688 10 0
1543 9 0
10908 9 0
29718 9 0
1529 9 0
10951 9 0
57856 9 0
1549 9 0
39100 9 0
57862 9 0
1540 9 0
48301 8 0
10922 9 0
1541 9 0
20329 9 0
48477 9 0
1544 9 0
48326 8 0
48498 9 0
10933 9 0
57853 9 0
1566 9 0
48473 9 0
57676 8 0
48305 8 0
48497 9 0
10955 9 0
38924 8 0
48483 9 0
10924 9 0
57680 8 0
39090 9 0
48311 8 0
39074 9 0
10917 9 0
48317 8 0
10762 8 0
20168 8 0
1772 10 0
38959 8 0
29530 8 0
57688 8 0
57727 8 0
29743 9 0
57697 8 0
20173 8 0
38914 8 0
10940 9 0
29711 9 0
57692 8 0
10936 9 0
11116 10 0
20140 8 0
20341 9 0
29562 8 0
29533 8 0
30081 11 0
48324 8 0
57707 8 0
39456 11 0
20135 8 0
1512 9 0
48330 8 0
20159 8 0
20315 9 0
20128 8 0
29511 8 0
38914 8 0
10763 8 0
10931 9 0
39108 9 0
29563 8 0
38929 8 0
29543 8 0
10752 8 0
1539 9 0
57685 8 0
20167 8 0
48324 8 0
48504 9 0
10768 8 0
48328 8 0
10937 9 0
48487 9 0
57680 8 0
29528 8 0
57876 9 0
20130 8 0
1536 9 0
48302 8 0
38926 8 0
20172 8 0
57720 8 0
38936 8 0
38932 8 0
20873 12 0
11131 10 0
29544 8 0
29544 8 0
48331 8 0
38967 8 0
57534 7 0
29880 10 0
57859 9 0
48493 9 0
29718 9 0
57724 8 0
1553 9 0
57726 8 0
29541 8 0
29540 8 0
57686 8 0
20163 8 0
10763 8 0
38926 8 0
20158 8 0
29552 8 0
29544 8 0
20174 8 0
20156 8 0
48317 8 0
29710 9 0
48340 8 0
1391 8 0
38911 8 0
10939 9 0
10768 8 0
29536 8 0
20359 9 0
1551 9 0
20152 8 0
57684 8 0
20166 8 0
48341 8 0
58060 10 0
29558 8 0
38946 8 0
58081 10 0
48323 8 0
48874 11 0
48480 9 0
38926 8 0
48311 8 0
29727 9 0
10955 9 0
20140 8 0
39109 9 0
57714 8 0
57708 8 0
39134 9 0
38957 8 0
29557 8 0
10942 9 0
10950 9 0
38929 8 0
20291 9 0
48326 8 0
1547 9 0
20311 9 0
10909 9 0
10917 9 0
10895 9 0
38907 8 0
1545 9 0
10951 9 0
38919 8 0
48309 8 0
10920 9 0
57692 8 0
38899 8 0
10950 9 0
39121 9 0
39096 9 0
57684 8 0
48321 8 0
29718 9 0
29534 8 0
38947 8 0
29706 9 0
38908 8 0
1530 9 0
39112 9 0
1565 9 0
1526 9 0
20312 9 0
20329 9 0
20319 9 0
29708 9 0
29523 8 0
1531 9 0
20296 9 0
10948 9 0
48301 8 0
57858 9 0
29545 8 0
48311 8 0
20340 9 0
57690 8 0
38943 8 0
48495 9 0
29701 9 0
48326 8 0
38909 8 0
20331 9 0
29538 8 0
48311 8 0
29716 9 0
57676 8 0
48297 8 0
20299 9 0
38924 8 0
1519 9 0
11304 11 0
1554 9 0
29723 9 0
29559 8 0
38940 8 0
29552 8 0
20309 9 0
38933 8 0
48337 8 0
10950 9 0
20372 9 0
48315 8 0
1530 9 0
38934 8 0
48336 8 0
stopped
started
0 0 0
45357 54 0
57757 8 0
16043 36 0
30155 11 0
40353 15 0
29832 9 0
39540 11 0
10981 9 0
20308 9 0
39093 9 0
57719 8 0
1549 9 0
57876 9 0
57696 8 0
57710 8 0
57908 9 0
48299 8 0
29701 9 0
48468 9 0
57682 8 0
20327 9 0
20314 9 0
29561 8 0
57686 8 0
20306 9 0
57696 8 0
10921 9 0
29692 9 0
10947 9 0
20311 9 0
39082 9 0
1538 9 0
48293 8 0
57878 9 0
57711 8 0
10965 9 0
48479 9 0
1562 9 0
20301 9 0
29720 9 0
1541 9 0
20324 9 0
48510 9 0
29527 8 0
1549 9 0
39119 9 0
57720 8 0
48305 8 0
29725 9 0
57711 8 0
1571 9 0
39097 9 0
1553 9 0
10946 9 0
20316 9 0
10942 9 0
57712 8 0
20359 9 0
1597 9 0
38938 8 0
48515 9 0
57687 8 0
38926 8 0
39096 9 0
57714 8 0
48308 8 0
48476 9 0
48311 8 0
38918 8 0
57704 8 0
57716 8 0
10962 9 0
38921 8 0
1539 9 0
48320 8 0
39113 9 0
38932 8 0
10936 9 0
10769 8 0
10770 8 0
48501 9 0
29532 8 0
10749 8 0
1705 10 0
57852 9 0
48328 8 0
48497 9 0
38915 8 0
38950 8 0
10951 9 0
20174 8 0
48498 9 0
1762 10 0
29673 9 0
57882 9 0
57715 8 0
10761 8 0
48336 8 0
20323 9 0
20168 8 0
20169 8 0
20332 9 0
1573 9 0
57709 8 0
1571 9 0
10776 8 0
20348 9 0
38924 8 0
29537 8 0
38934 8 0
38947 8 0
20535 10 0
1418 8 0
57705 8 0
20347 9 0
48326 8 0
39106 9 0
20153 8 0
10942 9 0
57695 8 0
48297 8 0
29517 8 0
29536 8 0
38957 8 0
29560 8 0
48328 8 0
20150 8 0
57683 8 0
39458 11 0
29691 9 0
48286 8 0
38913 8 0
20158 8 0
10966 9 0
20306 9 0
20140 8 0
29519 8 0
57701 8 0
1572 9 0
38951 8 0
38921 8 0
10779 8 0
38942 8 0
48299 8 0
29547 8 0
57541 7 0
1556 9 0
1391 8 0
10773 8 0
29740 9 0
10927 9 0
1578 9 0
38934 8 0
39107 9 0
1755 10 0
20176 8 0
10768 8 0
29540 8 0
10769 8 0
29888 10 0
57715 8 0
57714 8 0
57714 8 0
1553 9 0
29538 8 0
57704 8 0
57882 9 0
38952 8 0
10982 9 0
38967 8 0
39127 9 0
20560 10 0
20690 11 0
38909 8 0
57705 8 0
29744 9 0
48334 8 0
1574 9 0
29903 10 0
1574 9 0
20338 9 0
29723 9 0
38958 8 0
48333 8 0
48478 9 0
20157 8 0
48333 8 0
29703 9 0
57723 8 0
48322 8 0
57893 9 0
48321 8 0
48306 8 0
20327 9 0
48315 8 0
29704 9 0
38932 8 0
57698 8 0
57689 8 0
10925 9 0
38910 8 0
57695 8 0
20338 9 0
1564 9 0
48308 8 0
29712 9 0
48310 8 0
57717 8 0
48505 9 0
57717 8 0
29713 9 0
57680 8 0
1529 9 0
48491 9 0
10953 9 0
10917 9 0
1551 9 0
48325 8 0
57684 8 0
48509 9 0
48302 8 0
57683 8 0
10915 9 0
57687 8 0
38899 8 0
39092 9 0
1548 9 0
29548 8 0
10949 9 0
48320 8 0
10941 9 0
10959 9 0
10913 9 0
29526 8 0
39116 9 0
57685 8 0
1559 9 0
1559 9 0
57707 8 0
48290 8 0
20309 9 0
29534 8 0
20490 10 0
38897 8 0
20321 9 0
20485 10 0
57678 8 0
38918 8 0
29726 9 0
38920 8 0
20301 9 0
20312 9 0
1558 9 0
20336 9 0
57876 9 0
48289 8 0
38902 8 0
1527 9 0
48493 9 0
48333 8 0
stopped
started
0 0 0
22646 10 0
10911 9 0
29342 59 0
29740 9 0
24919 34 0
11379 11 0
10651 7 0
49162 12 0
20421 9 0
11718 13 0
39098 9 0
1547 9 0
57870 9 0
1545 9 0
10927 9 0
29714 9 0
57684 8 0
48311 8 0
29709 9 0
48310 8 0
29691 9 0
48469 9 0
10921 9 0
1543 9 0
48490 9 0
48321 8 0
48296 8 0
29702 9 0
38895 8 0
1524 9 0
57847 9 0
10915 9 0
1544 9 0
57833 9 0
57659 8 0
10902 9 0
39067 9 0
1555 9 0
48302 8 0
29699 9 0
1544 9 0
29693 9 0
20512 10 0
57679 8 0
10911 9 0
10929 9 0
48308 8 0
20317 9 0
39100 9 0
1533 9 0
57693 8 0
48467 9 0
29727 9 0
57705 8 0
57860 9 0
29543 8 0
39094 9 0
48471 9 0
38905 8 0
1555 9 0
29740 9 0
48313 8 0
48321 8 0
57866 9 0
57690 8 0
29877 10 0
48304 8 0
39076 9 0
57694 8 0
1542 9 0
57680 8 0
57717 8 0
57888 9 0
29733 9 0
1523 9 0
38903 8 0
57699 8 0
20487 10 0
48289 8 0
38917 8 0
1537 9 0
38904 8 0
1557 9 0
20313 9 0
48309 8 0
38901 8 0
48295 8 0
29531 8 0
57700 8 0
20315 9 0
39115 9 0
1728 10 0
10764 8 0
30066 11 0
39114 9 0
1525 9 0
20139 8 0
57701 8 0
38927 8 0
20327 9 0
10912 9 0
57703 8 0
48483 9 0
29514 8 0
48292 8 0
38925 8 0
48291 8 0
38888 8 0
38916 8 0
10913 9 0
38898 8 0
29545 8 0
38926 8 0
29903 10 0
10773 8 0
57696 8 0
10964 9 0
38915 8 0
20308 9 0
20133 8 0
39092 9 0
38920 8 0
38931 8 0
48309 8 0
10964 9 0
20370 9 0
57733 8 0
20147 8 0
10941 9 0
39643 12 0
48306 8 0
29686 9 0
20143 8 0
29715 9 0
10773 8 0
1523 9 0
29709 9 0
1518 9 0
20143 8 0
20164 8 0
39108 9 0
1352 8 0
10767 8 0
57876 9 0
20146 8 0
10750 8 0
38914 8 0
1555 9 0
1554 9 0
57677 8 0
10947 9 0
57517 7 0
48335 8 0
29532 8 0
1388 8 0
48667 10 0
20158 8 0
29547 8 0
10940 9 0
10761 8 0
20133 8 0
57691 8 0
48333 8 0
38906 8 0
48300 8 0
11130 10 0
38936 8 0
57688 8 0
58068 10 0
57712 8 0
38944 8 0
1563 9 0
1554 9 0
1582 9 0
57683 8 0
20292 9 0
48293 8 0
1569 9 0
20334 9 0
48319 8 0
10766 8 0
10928 9 0
1580 9 0
38935 8 0
39111 9 0
48322 8 0
20151 8 0
20314 9 0
38923 8 0
48299 8 0
39100 9 0
57699 8 0
10944 9 0
20319 9 0
57674 8 0
1523 9 0
57675 8 0
10921 9 0
29534 8 0
20326 9 0
1547 9 0
29534 8 0
29698 9 0
38912 8 0
20170 8 0
29737 9 0
38944 8 0
57716 8 0
39097 9 0
38940 8 0
29557 8 0
57697 8 0
1562 9 0
57678 8 0
20327 9 0
1567 9 0
20347 9 0
57696 8 0
57696 8 0
20368 9 0
1550 9 0
20349 9 0
57718 8 0
20139 8 0
10949 9 0
1565 9 0
48318 8 0
10926 9 0
38936 8 0
48330 8 0
48330 8 0
10948 9 0
57707 8 0
57722 8 0
39108 9 0
10953 9 0
1571 9 0
29539 8 0
20336 9 0
29575 8 0
38952 8 0
10936 9 0
48302 8 0
57689 8 0
57699 8 0
20156 8 0
10901 9 0
10936 9 0
20296 9 0
1540 9 0
10770 8 0
10965 9 0
38936 8 0
29711 9 0
57740 8 0
1563 9 0
57738 8 0
48326 8 0
10938 9 0
48300 8 0
48323 8 0
stopped
started
0 0 0
34444 12 0
10925 9 0
39045 60 0
62375 33 0
11187 10 0
48941 11 0
47856 5 0
39216 9 0
57956 9 0
1990 11 0
10955 9 0
1715 10 0
1540 9 0
48289 8 0
57839 9 0
1555 9 0
48289 8 0
29716 9 0
10946 9 0
10915 9 0
57845 9 0
10910 9 0
57679 8 0
39081 9 0
48292 8 0
1546 9 0
10898 9 0
10907 9 0
48279 8 0
39075 9 0
57674 8 0
10918 9 0
1689 10 0
57680 8 0
1511 9 0
29669 9 0
1505 9 0
1517 9 0
57862 9 0
20300 9 0
29518 8 0
57839 9 0
57860 9 0
48284 8 0
20307 9 0
48460 9 0
38897 8 0
1522 9 0
29698 9 0
48292 8 0
10893 9 0
48464 9 0
1533 9 0
10908 9 0
57831 9 0
38919 8 0
29710 9 0
29672 9 0
48288 8 0
1538 9 0
39097 9 0
1556 9 0
38921 8 0
57864 9 0
1532 9 0
48307 8 0
48494 9 0
38930 8 0
48286 8 0
57840 9 0
57701 8 0
48289 8 0
10946 9 0
1543 9 0
48321 8 0
48304 8 0
20324 9 0
38942 8 0
39084 9 0
48311 8 0
10738 8 0
1532 9 0
38914 8 0
39108 9 0
20314 9 0
48476 9 0
20295 9 0
20131 8 0
38916 8 0
57679 8 0
20140 8 0
10946 9 0
48304 8 0
29539 8 0
11090 10 0
10740 8 0
1681 10 0
29534 8 0
10934 9 0
10752 8 0
29530 8 0
57660 8 0
10749 8 0
48314 8 0
38897 8 0
38915 8 0
48281 8 0
10913 9 0
1348 8 0
10944 9 0
10908 9 0
10752 8 0
20141 8 0
1542 9 0
1554 9 0
1560 9 0
57686 8 0
20320 9 0
29555 8 0
38912 8 0
48311 8 0
29547 8 0
38916 8 0
10917 9 0
10927 9 0
1550 9 0
10775 8 0
48324 8 0
48313 8 0
29549 8 0
30057 11 0
58264 11 0
1514 9 0
57672 8 0
38922 8 0
29544 8 0
29533 8 0
38922 8 0
10749 8 0
48480 9 0
29533 8 0
57730 8 0
48331 8 0
10961 9 0
29544 8 0
20170 8 0
48327 8 0
20163 8 0
20168 8 0
29546 8 0
20162 8 0
29551 8 0
48327 8 0
57519 7 0
48330 8 0
10935 9 0
29717 9 0
29527 8 0
48327 8 0
10760 8 0
48302 8 0
20141 8 0
29527 8 0
38930 8 0
1536 9 0
29527 8 0
20114 8 0
1511 9 0
20149 8 0
48297 8 0
29710 9 0
20331 9 0
57710 8 0
1578 9 0
48685 10 0
48663 10 0
10906 9 0
1546 9 0
38920 8 0
57885 9 0
48313 8 0
29541 8 0
48476 9 0
20328 9 0
48297 8 0
29717 9 0
38947 8 0
48298 8 0
1517 9 0
20334 9 0
29533 8 0
39088 9 0
1549 9 0
48303 8 0
39104 9 0
20311 9 0
29511 8 0
29700 9 0
29517 8 0
57671 8 0
10953 9 0
57682 8 0
39083 9 0
10914 9 0
57684 8 0
29535 8 0
1565 9 0
20341 9 0
48317 8 0
57695 8 0
38947 8 0
20510 10 0
38917 8 0
57714 8 0
29690 9 0
57700 8 0
38926 8 0
1730 10 0
38917 8 0
1527 9 0
39094 9 0
57676 8 0
1547 9 0
20313 9 0
29534 8 0
48294 8 0
48460 9 0
48282 8 0
1518 9 0
10919 9 0
10943 9 0
29526 8 0
20321 9 0
57683 8 0
1553 9 0
20299 9 0
38899 8 0
29539 8 0
10912 9 0
38916 8 0
57698 8 0
10928 9 0
39098 9 0
48284 8 0
57683 8 0
1531 9 0
20476 10 0
1689 10 0
1517 9 0
57689 8 0
29518 8 0
29878 10 0
20161 8 0
29521 8 0
57681 8 0
48329 8 0
48330 8 0
1575 9 0
1734 10 0
29515 8 0
1375 8 0
stopped
started
0 0 0
52806 2 0
29712 9 0
19986 58 0
20198 8 0
34791 36 0
29235 6 0
39215 9 0
1473 8 0
1683 9 0
58335 11 0
48527 9 0
57703 8 0
20309 9 0
20306 9 0
48297 8 0
1529 9 0
39109 9 0
48304 8 0
57703 8 0
39106 9 0
57687 8 0
29708 9 0
39100 9 0
1558 9 0
57687 8 0
29725 9 0
38937 8 0
57681 8 0
20304 9 0
57696 8 0
1543 9 0
1719 10 0
1534 9 0
48288 8 0
20473 10 0
57685 8 0
57678 8 0
57879 9 0
29758 9 0
57696 8 0
39123 9 0
29689 9 0
57693 8 0
39101 9 0
10927 9 0
10927 9 0
20312 9 0
1564 9 0
1545 9 0
39096 9 0
1539 9 0
39089 9 0
39086 9 0
57727 8 0
10927 9 0
39092 9 0
10964 9 0
10939 9 0
39072 9 0
48313 8 0
10938 9 0
29728 9 0
1552 9 0
57717 8 0
20314 9 0
38920 8 0
57682 8 0
20322 9 0
48296 8 0
1528 9 0
1519 9 0
29517 8 0
10946 9 0
58073 10 0
57701 8 0
10912 9 0
20149 8 0
57703 8 0
10951 9 0
38914 8 0
1540 9 0
20133 8 0
29538 8 0
57711 8 0
57881 9 0
20150 8 0
11080 10 0
38915 8 0
20325 9 0
10775 8 0
48299 8 0
20354 9 0
57703 8 0
57702 8 0
2245 13 0
10759 8 0
58028 10 0
10950 9 0
29552 8 0
57526 7 0
1552 9 0
48649 10 0
20147 8 0
20143 8 0
1528 9 0
48333 8 0
38920 8 0
29703 9 0
29528 8 0
29539 8 0
20316 9 0
1386 8 0
29538 8 0
39090 9 0
30132 11 0
10784 8 0
38936 8 0
1579 9 0
10775 8 0
48341 8 0
57720 8 0
29717 9 0
20163 8 0
57706 8 0
10954 9 0
20373 9 0
38966 8 0
57737 8 0
29586 8 0
38977 8 0
57894 9 0
38947 8 0
38936 8 0
57686 8 0
10774 8 0
20184 8 0
48320 8 0
29524 8 0
20138 8 0
29890 10 0
10759 8 0
38952 8 0
20169 8 0
57732 8 0
29570 8 0
10789 8 0
1562 9 0
48337 8 0
38940 8 0
38918 8 0
10767 8 0
57732 8 0
38938 8 0
1369 8 0
10937 9 0
38919 8 0
1727 10 0
20158 8 0
48327 8 0
29537 8 0
1361 8 0
20147 8 0
20318 9 0
48339 8 0
20165 8 0
20138 8 0
29724 9 0
1578 9 0
38964 8 0
10966 9 0
48525 9 0
10972 9 0
38974 8 0
29546 8 0
1566 9 0
58792 14 0
57862 9 0
57712 8 0
39137 9 0
48340 8 0
38935 8 0
10955 9 0
57706 8 0
10975 9 0
20351 9 0
57743 8 0
48330 8 0
20335 9 0
29544 8 0
57721 8 0
20313 9 0
48335 8 0
48332 8 0
39117 9 0
57715 8 0
48300 8 0
10935 9 0
48305 8 0
10924 9 0
48330 8 0
29707 9 0
57709 8 0
29535 8 0
39078 9 0
1534 9 0
20167 8 0
48526 9 0
10963 9 0
57718 8 0
10945 9 0
1573 9 0
57716 8 0
1559 9 0
57715 8 0
10916 9 0
10920 9 0
57718 8 0
1761 10 0
10923 9 0
29725 9 0
38935 8 0
48479 9 0
1568 9 0
1562 9 0
1537 9 0
48307 8 0
57690 8 0
20334 9 0
1541 9 0
10778 8 0
20360 9 0
38969 8 0
29729 9 0
20343 9 0
10988 9 0
29896 10 0
38940 8 0
1575 9 0
20338 9 0
57715 8 0
57706 8 0
10965 9 0
20313 9 0
1564 9 0
10766 8 0
29534 8 0
2441 14 0
29697 9 0
20314 9 0
29548 8 0
20172 8 0
29746 9 0
38935 8 0
39273 10 0
48347 8 0
57720 8 0
57726 8 0
29716 9 0
38929 8 0
57702 8 0
57727 8 0
stopped
started
0 0 0
37466 0 0
19658 56 0
57759 8 0
15875 35 0
39005 8 0
20217 8 0
38641 6 0
29631 8 0
11401 11 0
57744 8 0
10929 9 0
1703 10 0
57686 8 0
57692 8 0
48474 9 0
1547 9 0
57677 8 0
29718 9 0
10925 9 0
20293 9 0
48453 9 0
20303 9 0
20319 9 0
20299 9 0
48313 8 0
57702 8 0
39076 9 0
1518 9 0
48289 8 0
29684 9 0
10916 9 0
29690 9 0
29681 9 0
20322 9 0
29510 8 0
48467 9 0
1536 9 0
1571 9 0
10932 9 0
48305 8 0
39090 9 0
48487 9 0
29704 9 0
20309 9 0
57827 9 0
57688 8 0
48285 8 0
29697 9 0
29728 9 0
48302 8 0
39075 9 0
48308 8 0
57713 8 0
39080 9 0
57694 8 0
57699 8 0
48478 9 0
10927 9 0
38905 8 0
48488 9 0
10957 9 0
38941 8 0
10955 9 0
1548 9 0
20328 9 0
48498 9 0
48332 8 0
38921 8 0
29701 9 0
48302 8 0
48315 8 0
20347 9 0
20183 8 0
20549 10 0
38927 8 0
20326 9 0
20146 8 0
39114 9 0
29529 8 0
29548 8 0
57705 8 0
20154 8 0
48331 8 0
20669 11 0
10765 8 0
20701 11 0
29526 8 0
57703 8 0
38954 8 0
29523 8 0
20696 11 0
29535 8 0
1551 9 0
38921 8 0
39080 9 0
48812 11 0
48281 8 0
1557 9 0
20144 8 0
10764 8 0
48277 8 0
10745 8 0
10746 8 0
57671 8 0
38905 8 0
10924 9 0
10913 9 0
1354 8 0
20147 8 0
57855 9 0
48308 8 0
1380 8 0
38902 8 0
11127 10 0
38944 8 0
10923 9 0
20516 10 0
20335 9 0
29733 9 0
29526 8 0
20310 9 0
29499 8 0
11103 10 0
10740 8 0
29728 9 0
57728 8 0
48328 8 0
20167 8 0
48505 9 0
49001 12 0
10749 8 0
1530 9 0
10764 8 0
20350 9 0
29569 8 0
29533 8 0
57684 8 0
48296 8 0
1375 8 0
1573 9 0
1578 9 0
57529 7 0
20545 10 0
48353 8 0
20361 9 0
38919 8 0
1384 8 0
29541 8 0
48299 8 0
1389 8 0
20328 9 0
1370 8 0
48337 8 0
48337 8 0
39116 9 0
10767 8 0
11124 10 0
10758 8 0
29685 9 0
57707 8 0
20306 9 0
38922 8 0
10935 9 0
20138 8 0
11114 10 0
10928 9 0
57723 8 0
29713 9 0
57543 7 0
20332 9 0
57732 8 0
57719 8 0
10969 9 0
11498 12 0
1707 10 0
20308 9 0
20168 8 0
20341 9 0
20323 9 0
20153 8 0
57682 8 0
48491 9 0
1557 9 0
10948 9 0
10946 9 0
29533 8 0
48302 8 0
57705 8 0
29540 8 0
48290 8 0
48467 9 0
48320 8 0
1560 9 0
29695 9 0
38905 8 0
1537 9 0
10945 9 0
38920 8 0
57716 8 0
20320 9 0
38914 8 0
38908 8 0
20312 9 0
38933 8 0
1563 9 0
29727 9 0
57724 8 0
20160 8 0
1553 9 0
1576 9 0
20146 8 0
10944 9 0
1550 9 0
38915 8 0
39096 9 0
20359 9 0
1550 9 0
57683 8 0
57694 8 0
29535 8 0
20317 9 0
38945 8 0
48309 8 0
29681 9 0
38919 8 0
10918 9 0
1537 9 0
20321 9 0
48328 8 0
29728 9 0
48328 8 0
57700 8 0
39282 10 0
29552 8 0
38906 8 0
48484 9 0
48302 8 0
48292 8 0
57682 8 0
57702 8 0
38921 8 0
10906 9 0
57694 8 0
29534 8 0
11125 10 0
48292 8 0
10939 9 0
1528 9 0
57709 8 0
29557 8 0
1573 9 0
48324 8 0
20329 9 0
48320 8 0
1565 9 0
57717 8 0
1576 9 0
1916 11 0
48298 8 0
20150 8 0
57709 8 0
57705 8 0
stopped
started
0 0 0
35572 13 0
57849 9 0
57338 57 0
48371 8 0
53172 34 0
48566 9 0
20419 9 0
38449 5 0
10860 8 0
11178 10 0
39144 9 0
1542 9 0
39081 9 0
10935 9 0
48313 8 0
57872 9 0
10941 9 0
38914 8 0
29724 9 0
10931 9 0
10911 9 0
48460 9 0
10933 9 0
48481 9 0
57691 8 0
29708 9 0
38925 8 0
10917 9 0
39076 9 0
1531 9 0
57685 8 0
48479 9 0
57685 8 0
48294 8 0
57859 9 0
10904 9 0
10917 9 0
29696 9 0
1569 9 0
10929 9 0
39111 9 0
10915 9 0
10927 9 0
39104 9 0
1542 9 0
48493 9 0
20326 9 0
48297 8 0
10924 9 0
29721 9 0
1543 9 0
1530 9 0
48475 9 0
57713 8 0
1535 9 0
57853 9 0
29713 9 0
48296 8 0
11091 10 0
38900 8 0
57690 8 0
20330 9 0
57719 8 0
38941 8 0
39084 9 0
11294 11 0
10927 9 0
48296 8 0
48305 8 0
39087 9 0
57695 8 0
57708 8 0
1550 9 0
48343 8 0
1569 9 0
29538 8 0
1543 9 0
29731 9 0
48313 8 0
48296 8 0
29532 8 0
1531 9 0
38905 8 0
1731 10 0
57684 8 0
1539 9 0
57683 8 0
48276 8 0
38904 8 0
10953 9 0
57680 8 0
39125 9 0
1548 9 0
10778 8 0
48496 9 0
20311 9 0
11081 10 0
20337 9 0
10782 8 0
1383 8 0
57728 8 0
39100 9 0
57702 8 0
48345 8 0
20137 8 0
48298 8 0
48332 8 0
1554 9 0
29529 8 0
57700 8 0
38933 8 0
20320 9 0
10786 8 0
38911 8 0
58275 11 0
10968 9 0
57704 8 0
48316 8 0
20146 8 0
29542 8 0
39105 9 0
57856 9 0
20127 8 0
10918 9 0
29544 8 0
20147 8 0
10976 9 0
20188 8 0
29558 8 0
57673 8 0
1541 9 0
10963 9 0
29704 9 0
39095 9 0
48294 8 0
20170 8 0
29702 9 0
1354 8 0
57676 8 0
20126 8 0
48304 8 0
10949 9 0
10784 8 0
48305 8 0
1565 9 0
48325 8 0
20143 8 0
57690 8 0
20149 8 0
1378 8 0
48293 8 0
10954 9 0
10961 9 0
38926 8 0
29547 8 0
1547 9 0
57703 8 0
29714 9 0
48324 8 0
20168 8 0
48302 8 0
29714 9 0
1374 8 0
10985 9 0
20156 8 0
29531 8 0
11487 12 0
57713 8 0
20344 9 0
57871 9 0
48330 8 0
20357 9 0
20353 9 0
10958 9 0
20355 9 0
48476 9 0
29722 9 0
48313 8 0
1582 9 0
20351 9 0
10949 9 0
29714 9 0
20324 9 0
1565 9 0
48322 8 0
20359 9 0
38950 8 0
48311 8 0
38931 8 0
1567 9 0
10926 9 0
29720 9 0
20338 9 0
1554 9 0
20313 9 0
20311 9 0
48292 8 0
1532 9 0
48499 9 0
20156 8 0
48301 8 0
10934 9 0
29525 8 0
29719 9 0
38928 8 0
10967 9 0
39139 9 0
38935 8 0
10943 9 0
20149 8 0
1562 9 0
57713 8 0
29559 8 0
57725 8 0
29693 9 0
48313 8 0
48327 8 0
29743 9 0
57693 8 0
48311 8 0
39118 9 0
48313 8 0
10954 9 0
29727 9 0
38924 8 0
57693 8 0
48480 9 0
48307 8 0
1529 9 0
1541 9 0
48342 8 0
38951 8 0
29727 9 0
48307 8 0
1574 9 0
20312 9 0
57702 8 0
1570 9 0
10941 9 0
48510 9 0
38928 8 0
48317 8 0
1541 9 0
29524 8 0
57686 8 0
48311 8 0
29707 9 0
20485 10 0
29721 9 0
39105 9 0
20170 8 0
57922 9 0
38944 8 0
38922 8 0
48327 8 0
10971 9 0
57731 8 0
1767 10 0
1574 9 0
48500 9 0
57722 8 0
stopped
l
