Vernier Format 2
Bandlücke-Ge2.cmbl 05.11.2009 11:19:28 ,
Latest
Time	Winkel	Pyro	Sample	Wellenlänge	Energie
t	Pot	Pot	Pot	Lambda	E
s	°	V	V	nm	eV

2,5	92,0775491527	0,00610501	0,039072	3303,30439694	0,37507896673
3	91,2944715475	0,00610501	0,019536	3304,63358943	0,374928102154
3,5	90,968189212	0,00610501	0,032967	3305,0052471	0,374885940374
4	90,7071633436	0,00610501	0,032967	3305,22540426	0,374860969664
4,5	90,4461374752	0,00610501	0,020757	3305,37696173	0,374843781616
5	89,9240857384	0,00610501	0,035409	3305,47426643	0,374832747174
5,5	89,66305987	0,00610501	0,019536	3305,42001165	0,374838899636
6	89,4020340016	0,00610501	0,00976801	3305,29715313	0,374852832468
6,5	89,1410081332	0,00610501	0,043956	3305,10569344	0,374874547117
7	88,6189563964	0,00610501	0,00610501	3304,51698782	0,374941331688
7,5	88,357930528	0,00610501	0,028083	3304,11975412	0,374986408545
8	88,0969046596	0,00610501	0,023199	3303,65394367	0,375039281089
8,5	87,5095964557	0,00610501	0,010989	3302,35518883	0,375186777059
9	87,2485705873	0,00610501	0,037851	3301,6665781	0,375265027734
9,5	86,9875447189	0,00488401	0,018315	3300,90944155	0,375351103064
10	86,4654929821	0,00488401	0,020757	3299,18965523	0,37554676435
10,5	86,2044671137	0,00610501	0,026862	3298,22704117	0,375656370691
11	85,9434412453	0,00488401	0,00854701	3297,19597266	0,375773842463
11,5	85,4213895085	0,00610501	0,030525	3294,92855934	0,376032432172
12	85,1603636401	0,00488401	0,021978	3293,69226158	0,376173577128
12,5	84,8993377717	0,00610501	0,013431	3292,38760351	0,376322641563
13	84,5730554362	0,00610501	0,042735	3290,6606906	0,376520132732
13,5	84,0510036994	0,00488401	0,00610501	3287,67568819	0,376861989292
14	83,789977831	0,00610501	0,031746	3286,08081797	0,377044895921
14,5	83,2679260942	0,00610501	0,026862	3282,68650501	0,37743476208
15	83,0069002258	0,00610501	0,017094	3280,88713271	0,377641762695
15,5	82,7458743574	0,00610501	0,034188	3279,01966587	0,377856837182
16	82,4847950439	0,00610501	0,020757	3277,08373996	0,378080054804
16,5	81,9627433071	0,00488401	0,021978	3273,00866156	0,378550785567
17	81,7017174387	0,00488401	0,021978	3270,8692043	0,378798393519
17,5	81,4406915703	0,00610501	0,00854701	3268,66186042	0,37905419799
18	80,9186398335	0,00610501	0,032967	3264,04369742	0,379590506396
18,5	80,592357498	0,00610501	0,00732601	3261,01971401	0,379942505308
19	80,3313316296	0,00610501	0,015873	3258,52438006	0,380233460146
19,5	80,0703057612	0,00610501	0,030525	3255,96141569	0,380532764925
20	79,5482540244	0,00610501	0,00732601	3250,63280988	0,381156553959
20,5	79,287228156	0,00610501	0,039072	3247,86727904	0,381481105462
21	79,0262022876	0,00610501	0,00732601	3245,03433897	0,381814141417
21,5	78,5041505508	0,00610501	0,032967	3239,16646773	0,382505812018
22	78,2431246824	0,00610501	0,021978	3236,13165834	0,382864521845
22,5	77,982098814	0,00610501	0,018315	3233,02968331	0,383231866505
23	77,4600470772	0,00610501	0,021978	3226,62449518	0,383992621965
23,5	77,1990212088	0,00610501	0,026862	3223,32141502	0,384386116204
24	76,9379953404	0,00610501	0,00854701	3219,95143509	0,384788412178
24,5	76,3506871365	0,00610501	0,039072	3212,12474245	0,385725991156
25	76,0896612681	0,00610501	0,00854701	3208,53782846	0,386157205008
25,5	75,8286353997	0,00610501	0,029304	3204,88432152	0,386597416849
26	75,3065836629	0,00610501	0,025641	3197,37783349	0,387505032099
26,5	74,9803013274	0,00610501	0,00976801	3192,55144225	0,388090849094
27	74,7845319261	0,00610501	0,035409	3189,60590154	0,388449243652
27,5	74,5235060577	0,00610501	0,00854701	3185,62059487	0,388935205277
28	74,0014543209	0,00610501	0,030525	3177,4517137	0,389935115193
28,5	73,6751719854	0,00610501	0,019536	3172,21216332	0,390579171951
29	73,4794025841	0,00610501	0,015873	3169,01904286	0,390972721603
29,5	72,8920943802	0,00610501	0,026862	3159,21784961	0,392185679805
30	72,6310685118	0,00610501	0,030525	3154,75515184	0,392740463321
30,5	72,3700426434	0,00610501	0,01221	3150,22697739	0,393304993226
31	71,8479909066	0,00610501	0,035409	3140,97457568	0,394463555864
31,5	71,5869650382	0,00610501	0,00610501	3136,25054045	0,395057723871
32	71,3259391698	0,00610501	0,040293	3131,4614126	0,39566190885
32,5	70,7386309659	0,00610501	0,013431	3120,44839703	0,397058320586
33	70,5428615646	0,00610501	0,028083	3116,70447397	0,397535284576
33,5	70,2165792291	0,00610501	0,031746	3110,38376523	0,398343128539
34	69,6945274923	0,00610501	0,00732601	3100,0609117	0,399669566273
34,5	69,4335016239	0,00488401	0,041514	3094,80291876	0,400348594894
35	69,1724757555	0,00610501	0,010989	3089,48069343	0,401038272431
35,5	68,9114498871	0,00610501	0,026862	3084,09434617	0,401738682715
36	68,3893981503	0,00610501	0,018315	3073,12973437	0,403172045144
36,5	68,1283722819	0,00610501	0,010989	3067,5516974	0,403905173318
37	67,8673464135	0,00610501	0,023199	3061,90999364	0,404649386355
37,5	67,6063205451	0,00610501	0,021978	3056,20474017	0,405404776622
38	67,0842688083	0,00610501	0,00732601	3044,60405911	0,406949467302
38,5	66,8232429399	0,00610501	0,030525	3038,70887229	0,407738961537
39	66,5622170715	0,00610501	0,00610501	3032,7506173	0,40854002071
39,5	66,235934736	0,00610501	0,041514	3025,21429748	0,409557762911
40	65,7138829992	0,00488401	0,00854701	3012,95222755	0,411224575242
40,5	65,4528571308	0,00610501	0,02442	3006,72732826	0,412075943287
41	65,1918312624	0,00610501	0,029304	3000,44002458	0,412939432166
41,5	64,6697795256	0,00488401	0,00976801	2987,67872733	0,414703223833
42	64,4087536572	0,00610501	0,032967	2981,20499861	0,415603757735
42,5	64,1477277888	0,00610501	0,01221	2974,66939521	0,41651687478
43	63,625676052	0,00610501	0,020757	2961,41310827	0,418381345223
43,5	63,3646501836	0,00610501	0,028083	2954,69269986	0,419332947911
44	63,0383678481	0,00610501	0,021978	2946,20596834	0,420540862829
44,5	62,5163161113	0,00610501	0,019536	2932,42858189	0,422516683834
45	62,2552902429	0,00610501	0,025641	2925,44852337	0,423524799736
45,5	61,9942643745	0,00610501	0,00976801	2918,40774741	0,424546570335
46	61,7332385061	0,00610501	0,040293	2911,30640012	0,425582137267
46,5	61,2111867693	0,00610501	0,00610501	2896,92258237	0,4276952403
47	60,9501609009	0,00610501	0,029304	2889,64041046	0,428773073465
47,5	60,6891350325	0,00610501	0,018315	2882,29826428	0,429865297202
48	60,4281091641	0,00610501	0,010989	2874,89629624	0,430972067278
48,5	59,9060574273	0,00610501	0,029304	2859,91351028	0,433229884592
49	59,6450315589	0,00610501	0,013431	2852,33300333	0,434381258624
49,5	59,3187492234	0,00610501	0,030525	2842,77413827	0,435841871263
50	58,7966974866	0,00610501	0,02442	2827,28832939	0,438229092915
50,5	58,5356716182	0,00610501	0,013431	2819,45732408	0,439446268407
51	58,2746457498	0,00610501	0,026862	2811,56780116	0,440679395848
51,5	57,752594013	0,00610501	0,017094	2795,61385866	0,443194254515
52	57,4915681446	0,00610501	0,015873	2787,54977021	0,444476368903
52,5	57,2305422762	0,00610501	0,031746	2779,42782639	0,445775201729
53	56,9042599407	0,00610501	0,00732601	2769,19429441	0,447422559877
53,5	56,3822082039	0,00610501	0,040293	2752,63399074	0,450114328373
54	56,1211823355	0,00610501	0,00732601	2744,26805664	0,451486507305
54,5	55,8601564671	0,00610501	0,023199	2735,84516546	0,452876506186
55	55,337944395	0,00610501	0,020757	2718,82395158	0,455711742306
55,5	55,077132307	0,00610501	0,013431	2710,23826872	0,457155377924
56	54,815785768	0,00610501	0,030525	2701,57866094	0,458620738279
56,5	54,489770658	0,00610501	0,013431	2690,69751567	0,460475394497
57	53,967612031	0,00854701	0,02442	2673,08849393	0,463508784993
57,5	53,706799943	0,014652	0,02442	2664,20976308	0,465053471829
58	53,510656426	0,026862	0,015873	2657,496141	0,466228334591
58,5	52,923829228	0,017094	0,026862	2637,22449405	0,469812108448
59	52,662482689	0,010989	0,021978	2628,10724644	0,471441948071
59,5	52,401670601	0,025641	0,018315	2618,95413073	0,473089614462
60	51,879511974	0,019536	0,026862	2600,46625475	0,476453019814
60,5	51,618699886	0,026862	0,00732601	2591,15080074	0,478165917493
61	51,357353347	0,0525031	0,040293	2581,76240159	0,479904734547
61,5	51,096541259	0,045177	0,00610501	2572,33965014	0,481662676206
62	50,50917961	0,0769231	0,029304	2550,92426733	0,485706304914
62,5	50,247833071	0,0769231	0,019536	2541,30918139	0,487543982871
63	49,987020983	0,0793651	0,00732601	2531,6610458	0,489402008241
63,5	49,464862356	0,101343	0,031746	2512,18756158	0,493195659013
64	49,204050268	0,102564	0,01221	2502,38254845	0,495128133293
64,5	48,942703729	0,120879	0,02442	2492,50543202	0,49709019049
65	48,681891641	0,118437	0,029304	2482,59681408	0,499074192383
65,5	48,159733014	0,119658	0,01221	2462,60489197	0,503125777115
66	47,898920926	0,148962	0,019536	2452,54246468	0,505190029467
66,5	47,637574387	0,150183	0,040293	2442,40844251	0,50728616002
67	47,050747189	0,155067	0,00610501	2419,46868638	0,512095902284
67,5	46,78940065	0,179487	0,042735	2409,17051771	0,514284892204
68	46,593791584	0,172161	0,013431	2401,4298756	0,515942610937
68,5	46,267242023	0,199023	0,020757	2388,44533544	0,51874748047
69	45,745617847	0,192918	0,034188	2367,54330197	0,523327281478
69,5	45,484271308	0,191697	0,017094	2356,99697287	0,525668897441
70	45,22345922	0,205128	0,023199	2346,42332153	0,528037711112
70,5	44,962112681	0,216117	0,029304	2335,77923338	0,530443965891
71	44,440488505	0,218559	0,014652	2314,3895142	0,535346359116
71,5	44,113938944	0,234432	0,014652	2300,90127888	0,538484641376
72	43,853126856	0,246642	0,040293	2290,07464473	0,541030399534
72,5	43,330968229	0,23199	0,00732601	2268,25681619	0,546234443629
73	43,06962169	0,261294	0,026862	2257,26588107	0,548894133559
73,5	42,808809602	0,251526	0,028083	2246,25060155	0,551585828912
74	42,286650975	0,25641	0,010989	2224,05782849	0,557089831088
74,5	42,025838887	0,301587	0,025641	2212,9035101	0,559897887253
75	41,764492348	0,300366	0,02442	2201,68034019	0,562751993278
75,5	41,242868172	0,330891	0,014652	2179,14317947	0,568572093689
76	40,981521633	0,351648	0,020757	2167,78347471	0,571551547678
76,5	40,655506523	0,358974	0,028083	2153,54968509	0,575329191881
77	40,459363006	0,373626	0,00732601	2144,95245419	0,577635181413
77,5	39,872535808	0,407814	0,035409	2119,08133361	0,584687326697
78	39,676392291	0,404151	0,018315	2110,38436326	0,587096844334
78,5	39,350377181	0,405372	0,00976801	2095,87424088	0,591161423636
79	39,089030642	0,43956	0,029304	2084,19333169	0,594474601354
79,5	38,567406466	0,438339	0,026862	2060,74988227	0,601237447911
80	38,306059927	0,449328	0,013431	2048,93978979	0,604702981598
80,5	37,980044817	0,46398	0,020757	2034,14763402	0,609100332385
81	37,718698278	0,478632	0,018315	2022,2420785	0,612686291702
81,5	37,196539651	0,500611	0,00854701	1998,32955289	0,620017853516
82	36,935727563	0,527473	0,0512821	1986,32325019	0,623765542632
82,5	36,674915475	0,509158	0,020757	1974,27578902	0,627571895929
83	36,152756848	0,516484	0,0537241	1950,03349447	0,635373701793
83,5	35,826207287	0,522589	0,0781441	1934,79031361	0,640379472278
84	35,630598221	0,506716	0,0769231	1925,62924329	0,643426040769
84,5	35,108439594	0,522589	0,101343	1901,06506235	0,651739924393
85	34,847627506	0,504274	0,151404	1888,73628729	0,655994173637
85,5	34,521077945	0,487179	0,159951	1873,24490895	0,661419120414
86	34,325468879	0,482295	0,216117	1863,9361208	0,664722350823
86,5	33,73810723	0,474969	0,301587	1835,85420014	0,674890195476
87	33,477295142	0,433455	0,334554	1823,32267244	0,679528653225
87,5	33,215948603	0,409035	0,444444	1810,72756839	0,684255335605
88	32,694324427	0,349206	0,518926	1785,47649808	0,693932404786
88,5	32,367774866	0,290598	0,566545	1769,59325392	0,700160897006
89	32,106962778	0,260073	0,647131	1756,86614144	0,705233011654
89,5	31,845616239	0,188034	0,70696	1744,0764331	0,710404645396
90	31,323457612	0,144078	0,724054	1718,41476106	0,721013359565
90,5	31,062645524	0,123321	0,798535	1705,54347736	0,726454655921
91	30,801833436	0,0525031	0,797314	1692,63685319	0,731993987763
91,5	30,279674809	0,029304	0,803419	1666,6920272	0,743388688358
92	30,084065743	0,00732601	0,810745	1656,93691878	0,747765340948
92,5	29,757516182	0,00610501	0,746032	1640,60877703	0,755207467709
93	29,496704094	0,00610501	0,692308	1627,52933779	0,761276599584
93,5	28,974545467	0,00610501	0,573871	1601,2425853	0,773774074819
94	28,713198928	0,00610501	0,388278	1588,0356806	0,780209169816
94,5	28,45238684	0,00610501	0,245421	1574,8228444	0,786755160688
95	27,930228213	0,00610501	0,148962	1548,27230934	0,80024682514
95,5	27,604213103	0,00610501	0,0586081	1531,62986259	0,808942180003
96	27,342866564	0,00610501	0,0598291	1518,25278708	0,816069636453
96,5	27,016851454	0,00610501	0,0622711	1501,52138954	0,825163070357
97	26,559895849	0,00610501	0,047619	1477,98830397	0,838301627062
97,5	26,233880739	0,00610501	0,0549451	1461,1410681	0,847967405097
98	26,037737222	0,00610501	0,0622711	1450,98228069	0,853904294
98,5	25,711722112	0,00610501	0,034188	1434,05954025	0,863980863573
99	25,450375573	0,00610501	0,0561661	1420,46005107	0,872252619191
99,5	24,928751397	0,00610501	0,0549451	1393,22861567	0,889301286281
100	24,667404858	0,00488401	0,034188	1379,54143372	0,898124528714
100,5	24,40659277	0,00610501	0,0647131	1365,85362704	0,90712502092
101	23,949637165	0,00488401	0,037851	1341,80385663	0,923383841746
101,5	23,558419033	0,00610501	0,043956	1321,14600595	0,93782215926
102	23,362275516	0,00610501	0,0500611	1310,76561701	0,9452490849
102,5	23,036260406	0,00610501	0,041514	1293,47818382	0,957882410003
103	22,514101779	0,00610501	0,02442	1265,70293411	0,978902684517
103,5	22,253289691	0,00610501	0,0598291	1251,79001285	0,989782621113
104	21,991943152	0,00610501	0,02442	1237,82256366	1,00095121577
104,5	21,469784525	0,00610501	0,032967	1209,83938801	1,02410287868
105	21,208972437	0,00610501	0,0500611	1195,82434663	1,03610534732
105,5	20,882422876	0,00610501	0,013431	1178,24192618	1,05156672197
106	20,68681381	0,00732601	0,042735	1167,69137372	1,06106804236
106,5	20,099452161	0,00610501	0,032967	1135,92959323	1,09073661553
107	19,838640073	0,00610501	0,02442	1121,78761997	1,10448713994
107,5	19,577293534	0,00610501	0,025641	1107,59335145	1,11864160106
108	19,316481446	0,00610501	0,045177	1093,40513599	1,1331572893
108,5	19,055669358	0,00610501	0,01221	1079,19426414	1,14807874835
109	18,533510731	0,00610501	0,026862	1050,67649549	1,17924023743
109,5	18,272164192	0,00610501	0,034188	1036,37010028	1,1955188592
110	18,011352104	0,00610501	0,00732601	1022,07146474	1,21224399932
110,5	17,750540016	0,00610501	0,025641	1007,75165091	1,229469581
111	17,228381389	0,00610501	0,030525	979,020225955	1,26555097347
111,5	16,901831828	0,00610501	0,029304	961,010579938	1,28926780398
112	16,64101974	0,00610501	0,010989	946,603992894	1,30888947152
112,5	16,118861113	0,00610501	0,039072	917,702653064	1,35011051332
113	15,923252047	0,00610501	0,00610501	906,855990322	1,36625882524
113,5	15,596702486	0,00610501	0,015873	888,725095043	1,394131894
114	15,335890398	0,00732601	0,030525	874,22335374	1,4172579521
114,5	14,748528749	0,00610501	0,00732601	841,498844876	1,47237278761
115	14,487716661	0,00610501	0,017094	826,939295883	1,49829619437
115,5	14,226370122	0,00610501	0,028083	812,332724293	1,52523708937
116	13,965558034	0,00610501	0,020757	797,739173243	1,55313922339
116,5	13,443399407	0,00610501	0,00610501	768,472795771	1,61228869365
117	13,182587319	0,00610501	0,041514	753,830531229	1,64360549046
117,5	12,92124078	0,00610501	0,00610501	739,142594133	1,67626654158
118	12,464819626	0,00610501	0,028083	713,454570001	1,73662073536
118,5	12,073067043	0,00610501	0,026862	691,370015967	1,79209391699
119	11,877457977	0,00610501	0,01221	680,330640484	1,8211733035
119,5	11,616111438	0,00610501	0,029304	665,568958741	1,86156518228
120	11,093952811	0,00610501	0,018315	636,0346164	1,94800718083
120,5	10,767937701	0,00610501	0,018315	617,567602959	2,00625809071
121	10,507125613	0,00610501	0,030525	602,779567347	2,05547776852
121,5	10,245779074	0,00610501	0,018315	587,948700018	2,10732671058
122	9,723620447	0,00610501	0,013431	558,280966024	2,21931263182
122,5	9,462808359	0,00610501	0,041514	543,444764084	2,27990051958
123	9,201996271	0,00610501	0,00732601	528,597301459	2,34393932126
123,5	8,87544671	0,00610501	0,037851	509,99214251	2,42944919485
124	8,353288083	0,00610501	0,015873	480,20798641	2,58013201584
124,5	8,092475995	0,00610501	0,020757	465,316060679	2,66270628654
125	7,831129456	0,00610501	0,032967	450,383947476	2,75098614625
125,5	7,30950528	0,00610501	0,01221	420,553085395	2,94612034254
126	7,048158741	0,00610501	0,020757	405,59382815	3,05478021116
126,5	6,722143631	0,00610501	0,030525	386,921202718	3,20220238978
127	6,460797092	0,00610501	0,015873	371,943416384	3,33115185113
127,5	5,939172916	0,00610501	0,018315	342,026275168	3,62252870599
128	5,743029399	0,00610501	0,02442	330,76922693	3,74581399697
128,5	5,482217311	0,00610501	0,00610501	315,794745139	3,92343450635
129	5,15566775	0,00610501	0,04884	297,036768887	4,17120077303
129,5	4,633509123	0,00610501	0,00610501	267,022630992	4,64005614579
130	4,372697035	0,00610501	0,035409	252,022461517	4,91622846845
130,5	4,046681925	0,00610501	0,023199	233,264942471	5,31155683693
131	3,850538408	0,00610501	0,019536	221,976003422	5,58168442039
131,5	3,263176759	0,00610501	0,030525	188,155673742	6,58497283318
132	3,067567693	0,00610501	0,017094	176,887923894	7,00443519672
132,5	2,741552583	0,00610501	0,034188	158,103824073	7,83662259448
133	2,480206044	0,00610501	0,039072	143,042025086	8,66179012258
133,5	1,958047417	0,00610501	0,021978	112,940627435	10,9703658298
134	1,697235329	0,00610501	0,0512821	97,9016646594	12,6555560042
134,5	1,436423241	0,0525031	0,144078	82,8606732699	14,9528111601
135	0,914264614	0,699634	0,68254	52,7430220065	23,4912591821
135,5	0,587715053	4,84249	1,47619	33,9055448453	36,5426954693
136	0,392105987	4,99878	1,884	22,6209902635	54,772137982
136,5	0,065556426	4,99756	1,78144	3,7820450984	327,600535627
137	-0,45606775	4,13553	1,04762	-26,3109364791	-47,0906841717
137,5	-0,717414289	0,684982	0,238095	-41,3875962177	-29,9365054565
138	-0,978226377	0,00610501	0,03663	-56,4325660859	-21,9554077714
138,5	-1,239572916	0,00610501	0,031746	-71,5071926643	-17,3269282968
139	-1,761197092	0,00610501	0,035409	-101,590031518	-12,1960785078
139,5	-2,022543631	0,00610501	0,020757	-116,659263265	-10,6206739639
140	-2,283355719	0,00610501	0,030525	-131,695259034	-9,40808354899
140,5	-2,544702258	0,00610501	0,023199	-146,759328814	-8,44239347517
141	-3,066326434	0,00610501	0,023199	-176,816416417	-7,00726790591
141,5	-3,327672973	0,00610501	0,030525	-191,87040148	-6,45748375175
142	-3,588485061	0,00610501	0,018315	-206,889621702	-5,98870059217
142,5	-3,915034622	0,00610501	0,028083	-225,688343314	-5,48987148298
143	-4,436658798	0,00610501	0,019536	-255,701610203	-4,845491583
143,5	-4,698005337	0,00610501	0,019536	-270,73118121	-4,57649537989
144	-4,958817425	0,00610501	0,032967	-285,724401558	-4,33634646969
144,5	-5,220163964	0,00610501	0,00854701	-300,742406818	-4,11980476286
145	-5,74178814	0,00610501	0,045177	-330,697976241	-3,7466210531
145,5	-6,068337701	0,00488401	0,00732601	-349,437106329	-3,54570243846
146	-6,329149789	0,00610501	0,03663	-364,395750882	-3,40014941722
146,5	-6,851308416	0,00610501	0,013431	-394,320691421	-3,14211256715
147	-7,112654955	0,00610501	0,023199	-409,286333812	-3,02722054866
147,5	-7,373467043	0,00610501	0,029304	-424,212882343	-2,92070338165
148	-7,634279131	0,00610501	0,01221	-439,130640785	-2,82148382492
148,5	-8,22164078	0,00610501	0,035409	-472,692374113	-2,62115504259
149	-8,482987319	0,00610501	0,014652	-487,609906531	-2,54096560264
149,5	-8,743799407	0,00610501	0,021978	-502,486818871	-2,46573632077
150	-9,265958034	0,00610501	0,021978	-532,239530464	-2,32789924288
150,5	-9,526770122	0,00610501	0,017094	-547,084259974	-2,26473340699
151	-9,788116661	0,00610501	0,026862	-561,948037833	-2,20483019173
151,5	-10,048928749	0,00610501	0,010989	-576,769763608	-2,14817086154
152	-10,571087376	0,00610501	0,028083	-606,407364637	-2,04318099062
152,5	-10,897102486	0,00610501	0,021978	-624,886522544	-1,9827599977
153	-11,093246003	0,00610501	0,019536	-635,994601563	-1,94812974349
153,5	-11,419261113	0,00610501	0,026862	-654,441067761	-1,89321859681
154	-11,94141974	0,00610501	0,015873	-683,941259519	-1,81155908166
154,5	-12,202231828	0,00610501	0,041514	-698,655138692	-1,77340712375
155	-12,463578367	0,00610501	0,00854701	-713,38464773	-1,73679094994
155,5	-13,050940016	0,00610501	0,026862	-746,433762295	-1,65989276288
156	-13,246549082	0,00610501	0,014652	-757,422869061	-1,63581012749
156,5	-13,572564192	0,00610501	0,00976801	-775,718365645	-1,59722916831
157	-13,833910731	0,00610501	0,032967	-790,36664743	-1,56762687802
157,5	-14,356069358	0,00488401	0,018315	-819,583703184	-1,51174309004
158	-14,551678424	0,00610501	0,023199	-830,511488624	-1,49185172869
158,5	-14,877693534	0,00610501	0,023199	-848,702890273	-1,45987484454
159	-15,399852161	0,00610501	0,013431	-877,781460309	-1,41151306564
159,5	-15,6611987	0,00610501	0,032967	-892,308401851	-1,38853337863
160	-15,922010788	0,00610501	0,017094	-906,787127739	-1,3663625807
160,5	-16,248560349	0,00610501	0,018315	-924,888678995	-1,33962067883
161	-16,509372437	0,00610501	0,043956	-939,324667677	-1,31903275048
161,5	-17,031531064	0,00488401	0,00610501	-968,167436319	-1,27973731973
162	-17,292343152	0,00610501	0,035409	-982,544096758	-1,2610121053
162,5	-17,618892713	0,00610501	0,00732601	-1000,51564421	-1,2383614461
163	-17,814501779	0,00610501	0,028083	-1011,26539736	-1,22519766149
163,5	-18,401863428	0,00610501	0,034188	-1043,47269198	-1,18738133688
164	-18,597472494	0,00610501	0,020757	-1054,17451399	-1,17532721913
164,5	-18,924022055	0,00610501	0,034188	-1072,01268485	-1,155769906
165	-19,380443209	0,00610501	0,02442	-1096,88677331	-1,12956052543
165,5	-19,70699277	0,00610501	0,029304	-1114,64048277	-1,11156917333
166	-19,902601836	0,00610501	0,039072	-1125,25797121	-1,10108084697
166,5	-20,229151397	0,00610501	0,031746	-1142,95351012	-1,08403359282
167	-20,750775573	0,00610501	0,03663	-1171,14277839	-1,05794103235
167,5	-21,012122112	0,00610501	0,030525	-1185,2299407	-1,04536677437
168	-21,2729342	0,00610501	0,013431	-1199,26371087	-1,03313390439
168,5	-21,795092827	0,00610501	0,0610501	-1227,2850406	-1,0095454267
169	-22,055904915	0,00610501	0,018315	-1241,24333844	-0,998192668293
169,5	-22,317251454	0,00610501	0,0500611	-1255,20444032	-0,98709019838
170	-22,578063542	0,00610501	0,040293	-1269,11095642	-0,976273976468
170,5	-23,165425191	0,00610501	0,031746	-1300,33237783	-0,952833307182
171	-23,361034257	0,00610501	0,047619	-1310,69987755	-0,945296494817
171,5	-23,687583818	0,00610501	0,045177	-1327,97327107	-0,933000706412
172	-23,948395906	0,00610501	0,03663	-1341,7384117	-0,923428880915
172,5	-24,470554533	0,00488401	0,047619	-1369,21306579	-0,904899340327
173	-24,731901072	0,00610501	0,032967	-1382,92189354	-0,895929123536
173,5	-24,99271316	0,00610501	0,037851	-1396,57400228	-0,887171032813
174	-25,253525248	0,00488401	0,0598291	-1410,19717269	-0,878600541823
174,5	-25,840886897	0,00610501	0,020757	-1440,76978944	-0,859956954318
175	-26,037030414	0,00610501	0,0647131	-1450,94564243	-0,853925856192
175,5	-26,363045524	0,00610501	0,034188	-1467,82150768	-0,844108083659
176	-26,885204151	0,00610501	0,045177	-1494,75131857	-0,828900422839
176,5	-27,146016239	0,00610501	0,0634921	-1508,15609099	-0,82153300139
177	-27,407362778	0,00610501	0,0793651	-1521,5569855	-0,814297467535
177,5	-27,668174866	0,00610501	0,185592	-1534,8989151	-0,807219281874
178	-28,190333493	0,00610501	0,283272	-1561,51426087	-0,793460572888
178,5	-28,451145581	0,00610501	0,380952	-1574,75988352	-0,786786616146
179	-28,71249212	0,00488401	0,470085	-1587,99991779	-0,780226740643
179,5	-28,973304208	0,00610501	0,498168	-1601,17993795	-0,773804349302
180	-29,495462835	0,00610501	0,527473	-1627,46700917	-0,761305754903
180,5	-29,821477945	0,00732601	0,529915	-1643,8112087	-0,753736191504
181	-30,017621462	0,023199	0,515263	-1653,61891397	-0,749265740451
181,5	-30,343636572	0,0598291	0,532357	-1669,87761882	-0,741970540855
182	-30,865795199	0,0671551	0,47619	-1695,80534017	-0,730626311079
182,5	-31,126607287	0,123321	0,489621	-1708,70332214	-0,725111248948
183	-31,387953826	0,147741	0,443223	-1721,59221938	-0,719682620573
183,5	-31,910112453	0,199023	0,395604	-1747,23611475	-0,709119957825
184	-32,170924541	0,245421	0,371184	-1759,99072787	-0,70398098148
184,5	-32,496939651	0,273504	0,299145	-1775,88267931	-0,69768122322
185	-32,693083168	0,330891	0,246642	-1785,4162332	-0,693955827755
185,5	-33,280444817	0,35409	0,20757	-1813,83935349	-0,683081441371
186	-33,476053883	0,360195	0,150183	-1823,26294176	-0,679550914804
186,5	-33,802068993	0,382173	0,129426	-1838,92164338	-0,673764433878
187	-34,063415532	0,396825	0,105006	-1851,4313047	-0,669211975001
187,5	-34,585574159	0,401709	0,0634921	-1876,30942122	-0,660338847093
188	-34,846386247	0,416361	0,0891331	-1888,67751831	-0,656014585861
188,5	-35,107198335	0,404151	0,040293	-1901,00648023	-0,651760008651
189	-35,629356962	0,423687	0,046398	-1925,57103893	-0,64344548965
189,5	-35,955906523	0,435897	0,043956	-1940,85216466	-0,638379379202
190	-36,151515589	0,422466	0,02442	-1949,97567269	-0,635392542251
190,5	-36,47806515	0,42735	0,013431	-1965,15575295	-0,63048437669
191	-36,934486304	0,422466	0,039072	-1986,2660111	-0,623783517957
191,5	-37,261035865	0,405372	0,00610501	-2001,29221488	-0,619099994886
192	-37,521847953	0,407814	0,032967	-2013,24683245	-0,615423792072
192,5	-37,783194492	0,388278	0,014652	-2025,18410233	-0,611796230562
193	-38,304818668	0,383394	0,017094	-2048,88359613	-0,60471956647
193,5	-38,566165207	0,379731	0,034188	-2060,69389167	-0,601253783985
194	-38,826977295	0,344322	0,020757	-2072,43729217	-0,597846798395
194,5	-39,088323834	0,347985	0,023199	-2084,16168193	-0,594483628954
195	-39,675151032	0,34188	0,029304	-2110,32924718	-0,58711217771
195,5	-39,936497571	0,315018	0,014652	-2121,9120227	-0,583907337697
196	-40,132106637	0,324786	0,020757	-2130,55246474	-0,581539305184
196,5	-40,458656198	0,295482	0,026862	-2144,92142834	-0,577643536788
197	-40,980814825	0,288156	0,00732601	-2167,75269129	-0,571559664061
197,5	-41,241626913	0,278388	0,039072	-2179,0893338	-0,568586143203
198	-41,502439001	0,246642	0,00732601	-2190,38082354	-0,565655061752
198,5	-42,024597628	0,252747	0,028083	-2212,85031456	-0,559911346848
199	-42,285944167	0,234432	0,021978	-2224,02766214	-0,557097387361
199,5	-42,546756255	0,225885	0,017094	-2235,13602117	-0,554328679895
200	-42,807568343	0,230769	0,030525	-2246,19806607	-0,551598729744
200,5	-43,394929992	0,202686	0,031746	-2270,93955006	-0,545589159326
201	-43,656276531	0,20757	0,015873	-2281,8717072	-0,542975311053
201,5	-43,917088619	0,203907	0,037851	-2292,73417737	-0,540402813474
202	-44,308841202	0,185592	0,013431	-2308,96079972	-0,536605039007
202,5	-44,700059334	0,199023	0,020757	-2325,05756322	-0,532890032316
203	-44,961405873	0,186813	0,032967	-2335,7503806	-0,530450518297
203,5	-45,222217961	0,177045	0,00732601	-2346,3728829	-0,528049062035
204	-45,483030049	0,18315	0,041514	-2356,94676615	-0,525680095025
204,5	-46,070391698	0,161172	0,00732601	-2380,58049827	-0,520461291228
205	-46,266535215	0,163614	0,023199	-2388,41714645	-0,518753602922
205,5	-46,592550325	0,155067	0,032967	-2401,38066704	-0,51595318352
206	-47,114708952	0,135531	0,014652	-2421,98139333	-0,511564623664
206,5	-47,37552104	0,129426	0,026862	-2432,19599026	-0,50941618396
207	-47,636867579	0,115995	0,041514	-2442,38096619	-0,507291866891
207,5	-47,897679667	0,111111	0,01221	-2452,49445382	-0,505199919237
208	-48,419838294	0,1221	0,030525	-2472,58922975	-0,501094150656
208,5	-48,680650382	0,0976801	0,014652	-2482,54953375	-0,499083697286
209	-48,941996921	0,0964591	0,00976801	-2492,47864909	-0,497095531972
209,5	-49,52935857	0,0903541	0,039072	-2514,60422288	-0,492721673147
210	-49,724967636	0,0683761	0,00732601	-2521,91415957	-0,491293486457
210,5	-50,050982746	0,0732601	0,035409	-2534,03202487	-0,488944096932
211	-50,247126263	0,042735	0,015873	-2541,28310574	-0,487548985471
211,5	-50,834487912	0,031746	0,017094	-2562,81837177	-0,483452129752
212	-51,0953	0,035409	0,032967	-2572,29467771	-0,481671097302
212,5	-51,356112088	0,01221	0,018315	-2581,7176833	-0,479913047044
213	-51,552255605	0,017094	0,013431	-2588,76901388	-0,478605852186
213,5	-52,139617254	0,013431	0,03663	-2609,70279854	-0,474766705501
214	-52,400429342	0,00854701	0,00854701	-2618,91043925	-0,473097507052
214,5	-52,726978903	0,025641	0,021978	-2630,36232908	-0,471037767802
215	-52,922587969	0,017094	0,029304	-2637,18132144	-0,469819799621
215,5	-53,509949618	0,00732601	0,00854701	-2657,47189193	-0,466232588861
216	-53,770761706	0,00610501	0,031746	-2666,3923063	-0,464672807925
216,5	-54,032108245	0,00610501	0,00732601	-2675,27557999	-0,463129858197
217	-54,553732421	0,00610501	0,02442	-2692,83919641	-0,460109167176
217,5	-54,81507896	0,00610501	0,032967	-2701,55516486	-0,458624727015
218	-55,075891048	0,00610501	0,010989	-2710,19727325	-0,457162293029
218,5	-55,402440609	0,00610501	0,017094	-2720,93842343	-0,455357603587
219	-55,858861763	0,00610501	0,031746	-2735,80324575	-0,452883445447
219,5	-56,185411324	0,00610501	0,01221	-2746,3318992	-0,451147219446
220	-56,38102039	0,00610501	0,021978	-2752,59605032	-0,450120532526
220,5	-56,968382039	0,00488401	0,03663	-2771,212523	-0,447096709371
221	-57,163991105	0,00610501	0,00732601	-2777,34781951	-0,44610905098
221,5	-57,490540666	0,00610501	0,026862	-2787,51791304	-0,444481448605
222	-57,751352754	0,00610501	0,028083	-2795,57564859	-0,443200312117
222,5	-58,338714403	0,00610501	0,017094	-2813,50969014	-0,440375238209
223	-58,534323469	0,00610501	0,020757	-2819,41672639	-0,439452596136
223,5	-58,795670008	0,00610501	0,042735	-2827,25761907	-0,438233853061
224	-59,056482096	0,00610501	0,01221	-2835,02383386	-0,437033362896
224,5	-59,643843745	0,00610501	0,015873	-2852,29837234	-0,434386532634
225	-59,839452811	0,00610501	0,034188	-2857,98486602	-0,43352223965
225,5	-60,166002372	0,00488401	0,00732601	-2867,40363702	-0,432098217357
226	-60,42681446	0,00610501	0,028083	-2874,85943319	-0,430977593442
226,5	-60,948973087	0,00488401	0,029304	-2889,6071353	-0,428778010984
227	-61,210319626	0,00610501	0,010989	-2896,89849003	-0,427698797271
227,5	-61,471131714	0,00610501	0,017094	-2904,11484615	-0,426636020144
228	-61,928087319	0,00610501	0,037851	-2916,61309127	-0,42480780317
228,5	-62,319305451	0,00610501	0,00854701	-2927,16597064	-0,423276306307
229	-62,515448968	0,00610501	0,026862	-2932,4054944	-0,422520010403
229,5	-62,841464078	0,00610501	0,025641	-2941,0381792	-0,421279808185
230	-63,298419683	0,00610501	0,00732601	-2952,97776061	-0,419576475153
230,5	-63,624434793	0,00610501	0,030525	-2961,38129598	-0,418385839636
231	-63,82057831	0,00610501	0,018315	-2966,39101584	-0,417679258528
231,5	-64,14659342	0,00610501	0,020757	-2974,64085789	-0,41652087065
232	-64,668752047	0,00610501	0,019536	-2987,6533662	-0,414706744101
232,5	-64,929564135	0,00488401	0,032967	-2994,06010424	-0,41381934793
233	-65,190910674	0,00610501	0,00732601	-3000,41774019	-0,412942499108
233,5	-65,451722762	0,00610501	0,035409	-3006,70013975	-0,412079669542
234	-65,973881389	0,00610501	0,021978	-3019,09045904	-0,410388498394
234,5	-66,234693477	0,00610501	0,014652	-3025,18543997	-0,409561669718
235	-66,496040016	0,00610501	0,03663	-3031,23003304	-0,40874496046
235,5	-66,756852104	0,00488401	0,013431	-3037,19939078	-0,407941606916
236	-67,279010731	0,00610501	0,01221	-3048,9610923	-0,406367927465
236,5	-67,605025841	0,00610501	0,029304	-3056,17628358	-0,405408551417
237	-67,801169358	0,00488401	0,019536	-3060,46956769	-0,404839836697
237,5	-68,061981446	0,00610501	0,01221	-3066,1227864	-0,40409340601
238	-68,584140073	0,00610501	0,041514	-3077,24976758	-0,402632250736
238,5	-68,910155183	0,00610501	0,00976801	-3084,06746993	-0,401742183684
239	-69,1062987	0,00610501	0,018315	-3088,12117317	-0,401214826272
239,5	-69,693660349	0,00610501	0,041514	-3100,0435508	-0,399671804508
240	-69,954472437	0,00610501	0,01221	-3105,23318872	-0,399003850822
240,5	-70,215284525	0,00610501	0,021978	-3110,3584833	-0,398346366392
241	-70,476631064	0,00610501	0,030525	-3115,42963268	-0,39769795697
241,5	-70,802646174	0,00610501	0,028083	-3121,66473164	-0,396903609616
242	-71,259601779	0,00610501	0,01221	-3130,233937	-0,395817061899
242,5	-71,585616889	0,00610501	0,0561661	-3136,22597266	-0,395060818577
243	-71,781760406	0,00488401	0,018315	-3139,78210698	-0,39461337054
243,5	-72,369122055	0,00610501	0,029304	-3150,21089162	-0,393307001539
244	-72,564731121	0,00610501	0,043956	-3153,61055875	-0,392883007244
244,5	-72,890746231	0,00610501	0,020757	-3159,19496899	-0,392188520228
245	-73,086889748	0,00732601	0,031746	-3162,50550069	-0,391777974688
245,5	-73,412904858	0,00488401	0,030525	-3167,92600397	-0,391107620079
246	-73,869860463	0,00610501	0,023199	-3175,35092499	-0,390193093384
246,5	-74,195875573	0,00610501	0,014652	-3180,52481233	-0,389558350621
247	-74,457222112	0,00610501	0,046398	-3184,59805096	-0,389060088644
247,5	-74,783237222	0,00610501	0,00854701	-3189,58629747	-0,388451631167
248	-75,240192827	0,00610501	0,030525	-3196,40417322	-0,387623070443
248,5	-75,566742388	0,00610501	0,040293	-3201,15182855	-0,387048183391
249	-75,762351454	0,00610501	0,014652	-3203,94597023	-0,386710641038
249,5	-76,088366564	0,00610501	0,021978	-3208,51987112	-0,38615936624
250	-76,610525191	0,00610501	0,020757	-3215,62912106	-0,385305628652
250,5	-76,87187173	0,00610501	0,018315	-3219,087133	-0,384891725141
251	-77,132683818	0,00610501	0,00854701	-3222,47130255	-0,38448752019
251,5	-77,393495906	0,00610501	0,0525031	-3225,78869946	-0,384092113723
252	-77,915654533	0,00610501	0,00976801	-3232,22935696	-0,383326757841
252,5	-78,242204094	0,00610501	0,019536	-3236,12083626	-0,382865802203
253	-78,43781316	0,00610501	0,032967	-3238,40156729	-0,382596158708
253,5	-78,698625248	0,00610501	0,013431	-3241,38382255	-0,382244148743
254	-79,220783875	0,00610501	0,026862	-3247,15254585	-0,381565073554
254,5	-79,547333436	0,00610501	0,025641	-3250,6231749	-0,381157683723
255	-79,808145524	0,00610501	0,013431	-3253,31929487	-0,380841807306
255,5	-80,068957612	0,00610501	0,014652	-3255,948003	-0,380534332507
256	-80,591116239	0,00488401	0,032967	-3261,00800804	-0,379943869179
256,5	-80,9176658	0,00610501	0,00732601	-3264,03482755	-0,379591537915
257	-81,113274866	0,00610501	0,026862	-3265,79717576	-0,379386695902
257,5	-81,374086954	0,00610501	0,02442	-3268,08775826	-0,379120786114
258	-81,896245581	0,00610501	0,014652	-3272,47007025	-0,378613088402
258,5	-82,222795142	0,00610501	0,028083	-3275,07258407	-0,378312226124
259	-82,418404208	0,00610501	0,025641	-3276,58059295	-0,378138112234
259,5	-83,005765857	0,00610501	0,014652	-3280,87916435	-0,377642679884
260	-83,266577945	0,00610501	0,031746	-3282,6773866	-0,377435810494
260,5	-83,527924484	0,00610501	0,020757	-3284,41106432	-0,377236580847
261	-83,788736572	0,00610501	0,00854701	-3286,07307091	-0,377045784821
261,5	-84,376098221	0,00610501	0,041514	-3289,56660134	-0,376645360971
262	-84,571707287	0,00610501	0,00854701	-3290,65333384	-0,3765209745
262,5	-84,898256848	0,00610501	0,02442	-3292,38205875	-0,376323275334
263	-85,093865914	0,00610501	0,032967	-3293,36638124	-0,376210799703
263,5	-85,681227563	0,00610501	0,014652	-3296,09131138	-0,375899780362
264	-85,942039651	0,00610501	0,021978	-3297,19025154	-0,375774494487
264,5	-86,20338619	0,00610501	0,034188	-3298,22291258	-0,375656840923
265	-86,464198278	0,00610501	0,01221	-3299,18504957	-0,375547288614
265,5	-86,986356905	0,00610501	0,015873	-3300,90583955	-0,375351512653
266	-87,247168993	0,00610501	0,037851	-3301,66269559	-0,375265469019
266,5	-87,573718554	0,00610501	0,00610501	-3302,51386281	-0,375168750676
267	-87,76932762	0,00610501	0,030525	-3302,972353	-0,375116672979
267,5	-88,356689269	0,00610501	0,028083	-3304,11770131	-0,374986641519
268	-88,552298335	0,00610501	0,01221	-3304,42206704	-0,37495210202
268,5	-88,878847896	0,00610501	0,030525	-3304,84435668	-0,374904191024
269	-89,074456962	0,00488401	0,028083	-3305,04590433	-0,374881328691
269,5	-89,661818611	0,00610501	0,014652	-3305,41958976	-0,374838947479
270	-89,857427677	0,00610501	0,037851	-3305,4669342	-0,374833578633
270,5	-90,183977238	0,00610501	0,015873	-3305,46012715	-0,374834350541
271	-90,444789326	0,00610501	0,015873	-3305,37756642	-0,374843713041
271,5	-90,966947953	0,00610501	0,039072	-3305,00645634	-0,37488580321
272	-91,228294492	0,00610501	0,00610501	-3304,71763372	-0,374918567129
272,5	-91,554309602	0,00610501	0,019536	-3304,2609613	-0,374970383548
273	-91,749918668	0,00610501	0,034188	-3303,93560627	-0,375007308753
