Vernier Format 2
Bandlücke-Ge2.cmbl 05.11.2009 11:21:02 ,
Latest
Time	Winkel	Pyro	Sample	Wellenlänge	Energie
t	Pot	Pot	Pot	Lambda	E
s	°	V	V	nm	eV

0	-90,966947953	0,00610501	0,025641	-3305,00645634	-0,37488580321
0,5	-90,444789326	0,00610501	0,017094	-3305,37756642	-0,374843713041
1	-90,183977238	0,00610501	0,025641	-3305,46012715	-0,374834350541
1,5	-89,988368172	0,00610501	0,047619	-3305,4770997	-0,374832425888
2	-89,661818611	0,00610501	0,00732601	-3305,41958976	-0,374838947479
2,5	-89,139659984	0,00610501	0,026862	-3305,10452652	-0,374874679472
3	-86,921153883	0,00488401	0,028083	-3300,70593773	-0,375374245199
3,5	-84,571707287	0,00610501	0,034188	-3290,65333384	-0,3765209745
4	-82,418404208	0,00488401	0,00732601	-3276,58059295	-0,378138112234
4,5	-80,330304151	0,00610501	0,030525	-3258,51442399	-0,380234621912
5	-78,177001072	0,00610501	0,043956	-3235,35220931	-0,382956760143
5,5	-75,827554476	0,00610501	0,020757	-3204,86905378	-0,386599258568
6	-73,609048375	0,00732601	0,020757	-3171,13778625	-0,39071149963
6,5	-71,520413867	0,00732601	0,023199	-3135,03568255	-0,395210812718
7	-69,43231381	0,00854701	0,043956	-3094,77884505	-0,400351709131
7,5	-67,279010731	0,00732601	0,00732601	-3048,9610923	-0,406367927465
8	-64,994767157	0,026862	0,02442	-2995,6521002	-0,413599429626
8,5	-62,776261056	0,0537241	0,034188	-2939,31925097	-0,421526174671
9	-60,688160999	0,046398	0,020757	-2882,2707545	-0,429869400043
9,5	-58,534323469	0,043956	0,017094	-2819,41672639	-0,439452596136
10	-56,120208302	0,0793651	0,015873	-2744,23673188	-0,451491660907
10,5	-54,032108245	0,168498	0,04884	-2675,27557999	-0,463129858197
11	-51,878270715	0,201465	0,026862	-2600,42204803	-0,476461119432
11,5	-49,790170658	0,34188	0,01221	-2524,34427727	-0,490820531556
12	-47,310318018	0,460317	0,025641	-2429,64705753	-0,509950610382
12,5	-45,222217961	0,58486	0,040293	-2346,3728829	-0,528049062035
13	-43,068914882	0,678877	0,010989	-2257,23609246	-0,548901377282
13,5	-40,719468286	0,837607	0,014652	-2156,34776208	-0,574582644687
14	-38,566165207	0,916972	0,045177	-2060,69389167	-0,601253783985
14,5	-36,412327677	0,934066	0,021978	-1962,10497704	-0,631464684357
15	-34,063415532	0,980464	0,013431	-1851,4313047	-0,669211975001
15,5	-31,910112453	1,23443	0,015873	-1747,23611475	-0,709119957825
16	-29,756274923	1,32723	0,043956	-1640,54660955	-0,75523608582
16,5	-27,537768822	1,38217	0,019536	-1528,23190861	-0,810740826064
17	-25,253525248	1,3895	0,015873	-1410,19717269	-0,878600541823
17,5	-23,165425191	1,57631	0,042735	-1300,33237783	-0,952833307182
18	-21,012122112	1,06349	0,026862	-1185,2299407	-1,04536677437
18,5	-18,597472494	0,45177	0,019536	-1054,17451399	-1,17532721913
19	-16,444169415	0,00488401	0,025641	-935,717483549	-1,32411761219
19,5	-14,356069358	0,00610501	0,039072	-819,583703184	-1,51174309004
20	-12,202231828	0,00610501	0,014652	-698,655138692	-1,77340712375
20,5	-9,788116661	0,00610501	0,014652	-561,948037833	-2,20483019173
21	-7,634279131	0,00732601	0,040293	-439,130640785	-2,82148382492
21,5	-5,480976052	0,00488401	0,017094	-315,723462572	-3,92432032104
22	-3,327672973	0,00610501	0,021978	-191,87040148	-6,45748375175
22,5	-1,108632421	0,738706	0,013431	-63,9546320023	-19,3731081113
23	1,175076702	3,24542	0,030525	67,7871381583	18,2778036315
23,5	3,263176759	0,00976801	0,013431	188,155673742	6,58497283318
24	5,482217311	0,00610501	0,019536	315,794745139	3,92343450635
24,5	7,831129456	0,00610501	0,041514	450,383947476	2,75098614625
25	9,984966986	0,00610501	0,028083	573,135966119	2,16179069757
25,5	12,073067043	0,00610501	0,015873	691,370015967	1,79209391699
26	14,422513639	0,00610501	0,018315	823,296719505	1,50492522398
26,5	16,64101974	0,00610501	0,042735	946,603992894	1,30888947152
27	18,794322819	0,498168	0,020757	1064,93184116	1,16345474153
27,5	20,882422876	1,32601	0,01221	1178,24192618	1,05156672197
28	23,101463428	1,78144	0,035409	1296,93903864	0,955326320732
28,5	25,189563485	1,93651	0,025641	1406,85890909	0,880685328142
29	27,669416125	1,99267	0,017094	1534,9623363	0,807185929387
29,5	29,757516182	1,91209	0,019536	1640,60877703	0,755207467709
30	31,910819261	1,66667	0,042735	1747,27072915	0,709105909766
30,5	34,064656791	1,29792	0,010989	1851,49062733	0,669190533137
31	36,413568936	1,13065	0,015873	1962,16260591	0,631446138187
31,5	38,567406466	1,03053	0,032967	2060,74988227	0,601237447911
32	40,720709545	0,973138	0,029304	2156,40203574	0,574568183236
32,5	43,004418668	0,778999	0,017094	2254,51643723	0,549563524817
33	45,22345922	0,667888	0,00732601	2346,42332153	0,528037711112
33,5	47,376762299	0,533578	0,043956	2432,24448332	0,509406027435
34	49,661005873	0,382173	0,028083	2519,52713023	0,491758943627
34,5	51,879511974	0,218559	0,018315	2600,46625475	0,476453019814
35	53,967612031	0,155067	0,031746	2673,08849393	0,463508784993
35,5	56,3822082039	0,0525031	0,031746	2752,63399074	0,450114328373
36	58,5356716182	0,00976801	0,02442	2819,45732408	0,439446268407
36,5	60,6891350325	0,00732601	0,015873	2882,29826428	0,429865297202
37	63,0383678481	0,00976801	0,043956	2946,20596834	0,420540862829
37,5	65,1918312624	0,00854701	0,028083	3000,44002458	0,412939432166
38	67,3452946767	0,00732601	0,01221	3050,43605542	0,406171438276
38,5	69,6292710252	0,00610501	0,026862	3098,75244124	0,399838329616
39	71,8479909066	0,00610501	0,029304	3140,97457568	0,394463555864
39,5	74,0014543209	0,00488401	0,035409	3177,4517137	0,389935115193
40	76,0896612681	0,00610501	0,00610501	3208,53782846	0,386157205008
40,5	78,5041505508	0,00610501	0,037851	3239,16646773	0,382505812018
41	80,6576139651	0,00610501	0,03663	3261,63297415	0,379871067597
41,5	82,7458743574	0,00488401	0,020757	3279,01966587	0,377856837182
42	84,9645942388	0,00610501	0,023199	3292,72017535	0,376284632164
42,5	87,2485705873	0,00610501	0,032967	3301,6665781	0,375265027734
43	89,4020340016	0,00610501	0,045177	3305,29715313	0,374852832468
43,5	91,4902409488	0,00610501	0,00610501	3304,35915341	0,374959240954
44	92,8606267579	0,00610501	0,023199	3301,3581746	0,375300083927
44,5	92,8606267579	0,00610501	0,041514	3301,3581746	0,375300083927
45	92,925883225	0,00610501	0,029304	3301,16814793	0,375321687499
45,5	92,8606267579	0,00610501	0,020757	3301,3581746	0,375300083927
46	92,8606267579	0,00610501	0,02442	3301,3581746	0,375300083927
46,5	92,8606267579	0,00610501	0,045177	3301,3581746	0,375300083927
